[
  {
    "variant": "body",
    "selected_cell": "primes:-1",
    "policies": {
      "continuous": {
        "continuation_score": -4.790867143809237,
        "null_scores": [
          -4.852971313914442,
          -4.774500653574247,
          -4.86098362016374,
          -5.067736304578563,
          -4.834925234078413,
          -4.862027971356092,
          -4.831054544917017,
          -4.859307212566982,
          -4.826378367975035,
          -4.900250559494184,
          -4.793176550512097,
          -4.782744204609236,
          -4.962281222023912,
          -4.845587434928304,
          -4.8415738322147135,
          -4.934108442747698,
          -4.666172550180989,
          -4.794126507155868,
          -4.893003727767715
        ],
        "descriptive_upper_tail": 0.2
      },
      "page-reset": {
        "continuation_score": -4.850844592801741,
        "null_scores": [
          -4.847394376981303,
          -4.845175913956815,
          -4.965247980912127,
          -4.748227680451851,
          -4.71968186605181,
          -4.827025059391589,
          -4.7581299087143885,
          -4.847601417267637,
          -4.8102813727173315,
          -4.813322926983479,
          -4.836912267079423,
          -4.850309250041544,
          -4.845983476987028,
          -4.913395030706371,
          -4.793796109396597,
          -4.936460885464248,
          -4.8435480887846625,
          -4.81999587803086,
          -4.864982598752467
        ],
        "descriptive_upper_tail": 0.8
      }
    },
    "continuous_minus_reset": 0.059977448992504456,
    "null_clock_differences": [
      -0.005576936933139542,
      0.07067526038256844,
      0.1042643607483873,
      -0.319508624126712,
      -0.11524336802660251,
      -0.03500291196450256,
      -0.07292463620262879,
      -0.011705795299344679,
      -0.016096995257703917,
      -0.08692763251070534,
      0.04373571656732622,
      0.06756504543230779,
      -0.11629774503688406,
      0.06780759577806705,
      -0.04777772281811643,
      0.002352442716549774,
      0.17737553860367328,
      0.025869370874992192,
      -0.028021129015248114
    ]
  },
  {
    "variant": "whole",
    "selected_cell": "totients-of-primes:1",
    "policies": {
      "continuous": {
        "continuation_score": -4.783799112646243,
        "null_scores": [
          -4.939099112099662,
          -4.831338230323731,
          -4.9306617894931,
          -4.856283753483728,
          -4.85651292046692,
          -5.009916779384477,
          -4.752703335631669,
          -4.967591287931984,
          -4.930222758305358,
          -4.815302531947078,
          -4.906257805115722,
          -4.658171955495056,
          -4.754216893730541,
          -4.726081785526653,
          -4.95638145831029,
          -4.84845376188137,
          -4.933325985073479,
          -4.826460090580713,
          -4.859855002545469
        ],
        "descriptive_upper_tail": 0.25
      },
      "page-reset": {
        "continuation_score": -4.80889243482284,
        "null_scores": [
          -4.857878422442717,
          -4.832920242462639,
          -4.79247435554953,
          -4.804523738913176,
          -4.855595850165763,
          -4.873278157205118,
          -4.829074298355776,
          -4.896678388728937,
          -5.0132300491213515,
          -4.849190733521196,
          -4.7623992843994785,
          -4.849336184786361,
          -4.888018558615244,
          -4.875917469432631,
          -4.990169019652079,
          -4.823168937912516,
          -4.955390655957495,
          -4.83034989650091,
          -4.892862388906181
        ],
        "descriptive_upper_tail": 0.2
      }
    },
    "continuous_minus_reset": 0.025093322176597432,
    "null_clock_differences": [
      -0.08122068965694496,
      0.0015820121389076292,
      -0.13818743394357025,
      -0.05176001457055257,
      -0.0009170703011571746,
      -0.13663862217935918,
      0.07637096272410737,
      -0.070912899203047,
      0.08300729081599378,
      0.03388820157411754,
      -0.14385852071624328,
      0.1911642292913056,
      0.1338016648847029,
      0.14983568390597757,
      0.033787561341789285,
      -0.02528482396885323,
      0.022064670884016202,
      0.0038898059201972757,
      0.03300738636071188
    ]
  }
]
