packet-0-null-00 -6.925477307782751 0.3613179170060903
packet-0-null-01 -6.790277641946172 0.36039045799407177
packet-0-null-02 -6.886311893745449 0.37156183300248813
packet-0-null-03 -6.985340001229731 0.3611527500033844
packet-0-null-04 -6.799276643302191 0.37323545799881686
packet-0-null-05 -6.912541819363399 0.37387720799597446
packet-0-null-06 -6.749236467220765 0.36115845800668467
packet-0-null-07 -6.7617438655583495 0.36096870899928035
packet-0-null-08 -6.979460969796834 0.3711904579977272
packet-0-null-09 -6.957696110743978 0.3898782079995726
packet-0-null-10 -6.893401012176041 0.36721529199712677
packet-0-null-11 -6.743910456532636 0.3774891249995562
packet-0-null-12 -6.8751043480157845 0.39501604200631846
packet-0-null-13 -6.923840958467855 0.3617061249969993
packet-0-null-14 -6.9235185807479995 0.36961575000168523
packet-0-null-15 -6.925677578212392 0.3626844579994213
packet-0-null-16 -6.870690437613857 0.36183750000054715
packet-0-null-17 -6.899682502333669 0.3709739579935558
packet-0-null-18 -6.922063406723895 0.367260917002568
{"packet": 0, "name": "virgil-book-I", "n": 303, "boundaries": 60, "nulls": 19, "maximum": -2.2358111606660613, "tail": 0.05, "control": {"truth_id": "clue:000:0:-1", "truth_key_rank": 1, "truth_score": -2.2358111606660613, "truth_path_rank_in_correct_cell": 1, "first_truth_pruned": null, "selected_rune_errors": 0, "correct_cell_errors": 0, "selected_id": "clue:000:0:-1", "truth": [24, 4, 19, 24, 1, 10, 4, 1, 19, 5, 1, 18, 5, 24, 9, 3, 16, 4, 3, 27, 18, 5, 1, 10, 13, 4, 10, 19, 1, 15, 24, 17, 3, 4, 10, 15, 10, 16, 24, 20, 27, 19, 0, 24, 16, 3, 13, 4, 3, 0, 1, 6, 1, 15, 20, 24, 1, 10, 9, 27, 5, 1, 18, 1, 18, 9, 10, 16, 20, 10, 16, 3, 4, 24, 19, 1, 20, 16, 1, 19, 10, 20, 20, 18, 18, 16, 16, 18, 4, 4, 10, 15, 27, 5, 16, 24, 16, 1, 15, 18, 16, 24, 20, 16, 3, 1, 10, 15, 1, 13, 18, 4, 1, 19, 15, 25, 1, 25, 19, 18, 19, 3, 4, 18, 19, 10, 1, 9, 3, 9, 10, 15, 3, 17, 10, 4, 24, 19, 19, 1, 20, 16, 24, 5, 1, 3, 5, 1, 18, 18, 16, 17, 18, 20, 20, 3, 13, 24, 15, 15, 1, 15, 23, 1, 19, 5, 3, 9, 23, 18, 4, 18, 16, 1, 4, 17, 18, 19, 10, 9, 0, 18, 4, 4, 18, 16, 5, 1, 18, 23, 12, 15, 20, 24, 16, 10, 3, 6, 18, 9, 1, 15, 1, 9, 23, 18, 20, 24, 16, 10, 9, 1, 19, 24, 20, 17, 24, 9, 10, 5, 1, 18, 13, 24, 16, 4, 18, 15, 24, 16, 5, 1, 18, 24, 20, 16, 25, 19, 22, 9, 27, 4, 3, 19, 25, 19, 1, 15, 24, 19, 10, 8, 10, 5, 24, 1, 15, 24, 15, 19, 18, 19, 3, 4, 24, 5, 1, 3, 9, 1, 19, 10, 9, 18, 20, 25, 15, 3, 5, 1, 10, 23, 1, 18, 23, 3, 20, 18, 9, 15, 4, 18, 6, 10, 9, 24, 23, 18, 1, 19, 16, 3, 16], "truth_literal": [42, 180]}, "seconds": 7.3834837490067}
SECONDS 8.312538999998651
