1 full 5 0.05859099999361206 20 0.0
1 full 6 0.07117899999866495 37 0.0
1 full 7 0.08403774999896996 14 0.0
1 full 8 0.09747000000061234 12 0.0
1 prefix 5 0.05699591599841369 36 0.0
1 prefix 6 0.07075483299558982 67 2.2737367544323206e-13
1 prefix 7 0.08502083399798721 174 0.0
1 prefix 8 0.09599920799519168 36 0.0
2 full 5 0.05678624999563908 11 0.0
2 full 6 0.08066758299537469 77 0.0
2 full 7 0.08226062500034459 14 0.0
2 full 8 0.096095917004277 62 0.0
2 prefix 5 0.058492666998063214 124 0.0
2 prefix 6 0.06994445899908897 60 0.0
2 prefix 7 0.0828544999967562 64 0.0
2 prefix 8 0.09734616600326262 162 0.0
3 full 5 0.056333500004257075 7 0.0
3 full 6 0.07031124999775784 84 0.0
3 full 7 0.08351970800140407 119 0.0
3 full 8 0.09502200000133598 0 0.0
3 prefix 5 0.05701579200103879 21 0.0
3 prefix 6 0.06942041600268567 21 0.0
3 prefix 7 0.08475416700093774 141 0.0
3 prefix 8 0.09599016699939966 152 0.0
4 full 5 0.057126082996546756 15 0.0
4 full 6 0.07202904199948534 150 0.0
4 full 7 0.0828901670029154 22 0.0
4 full 8 0.09538637500372715 9 0.0
4 prefix 5 0.056507041001168545 15 0.0
4 prefix 6 0.06979812499776017 24 0.0
4 prefix 7 0.08527795800182503 206 0.0
4 prefix 8 0.09629154200229095 130 0.0
5 full 5 0.05780029099696549 61 0.0
5 full 6 0.06977758400171297 24 0.0
5 full 7 0.08353737500146963 111 0.0
5 full 8 0.09659245800139615 109 0.0
5 prefix 5 0.05730570900050225 32 0.0
5 prefix 6 0.06951500000286615 0 2.2737367544323206e-13
5 prefix 7 0.08310895800241269 42 0.0
5 prefix 8 0.09693449999758741 99 0.0
6 full 5 0.05693500000052154 20 0.0
6 full 6 0.06904299999587238 4 0.0
6 full 7 0.08334229199681431 54 0.0
6 full 8 0.09535516600590199 68 9.094947017729282e-13
6 prefix 5 0.05703712499962421 46 0.0
6 prefix 6 0.07062254199991003 69 0.0
6 prefix 7 0.08362508400023216 63 0.0
6 prefix 8 0.09683012500318 93 0.0
7 full 5 0.05750116700073704 64 0.0
7 full 6 0.06956483399699209 16 0.0
7 full 7 0.0831799579973449 112 0.0
7 full 8 0.09524125000461936 17 0.0
7 prefix 5 0.056507041001168545 22 0.0
7 prefix 6 0.07011220900312765 62 0.0
7 prefix 7 0.08269529099925421 42 0.0
7 prefix 8 0.09535420900647296 17 0.0
8 full 5 0.056663333998585586 6 0.0
8 full 6 0.07001049999962561 45 0.0
8 full 7 0.08308279199991375 60 0.0
8 full 8 0.09498524999798974 35 0.0
8 prefix 5 0.05694325000513345 22 0.0
8 prefix 6 0.07029533400054788 69 0.0
8 prefix 7 0.08199820900335908 15 0.0
8 prefix 8 0.09532341700105462 19 2.2737367544323206e-13
9 full 5 0.05663808299868833 32 0.0
9 full 6 0.06920879199606134 6 0.0
9 full 7 0.08236220799881266 20 0.0
9 full 8 0.09578599999804283 73 0.0
9 prefix 5 0.056331792002310976 5 0.0
9 prefix 6 0.07111983300274005 87 0.0
9 prefix 7 0.08473475000209874 124 0.0
9 prefix 8 0.09749491700495128 125 0.0
