0_warning original 1 184 1 0.0 0.79
0_warning original 3 184 3 9.276871681690295 0.01
0_warning original 8 184 8 5.443075710436688 0.05
0_warning shuffled 1 184 1 0.0 0.69
0_warning shuffled 3 184 6 1.6534709632834677 0.08
0_warning shuffled 8 184 8 12.957075485814954 0.01
0_warning rotated 1 184 1 0.0 0.73
0_warning rotated 3 184 6 1.499356359425974 0.13
0_warning rotated 8 184 8 7.195592260344654 0.02
0_wisdom original 1 157 1 0.0 0.64
0_wisdom original 3 157 6 -0.5688055570569475 0.57
0_wisdom original 8 157 8 2.515997742165922 0.16
0_wisdom shuffled 1 157 1 0.0 0.67
0_wisdom shuffled 3 157 6 1.9304223364629252 0.07
0_wisdom shuffled 8 157 8 3.679142235149925 0.09
0_wisdom rotated 1 157 2 -2.2575204783228173 0.86
0_wisdom rotated 3 157 6 1.3121647573362907 0.14
0_wisdom rotated 8 157 4 -3.513901313697687 0.77
0_koan_1 original 1 780 3 -28.923496423577717 1.0
0_koan_1 original 3 780 3 44.93361484294246 0.01
0_koan_1 original 8 780 8 32.119110059041304 0.01
0_koan_1 shuffled 1 780 1 0.0 0.95
0_koan_1 shuffled 3 780 3 40.96633045243141 0.01
0_koan_1 shuffled 8 780 8 36.5561169637831 0.01
0_koan_1 rotated 1 780 1 0.0 0.99
0_koan_1 rotated 3 780 3 58.915510353761306 0.01
0_koan_1 rotated 8 780 8 41.358728858812356 0.01
0_loss_of_divinity original 1 755 1 0.0 0.97
0_loss_of_divinity original 3 755 3 30.372808452835898 0.01
0_loss_of_divinity original 8 755 8 36.21371313519808 0.01
0_loss_of_divinity shuffled 1 755 1 0.0 0.92
0_loss_of_divinity shuffled 3 755 3 36.50605031585587 0.01
0_loss_of_divinity shuffled 8 755 8 29.948613110097426 0.01
0_loss_of_divinity rotated 1 755 1 0.0 0.93
0_loss_of_divinity rotated 3 755 3 33.85604954264693 0.01
0_loss_of_divinity rotated 8 755 8 27.578055175296527 0.01
jpg229 original 1 89 2 -0.607676796747171 0.75
jpg229 original 3 89 3 -0.21638983994824912 0.54
jpg229 original 8 89 7 -1.3680392045122574 0.68
jpg229 shuffled 1 89 1 0.0 0.61
jpg229 shuffled 3 89 6 3.9983822990082842 0.03
jpg229 shuffled 8 89 8 2.0248257910752443 0.17
jpg229 rotated 1 89 1 0.0 0.54
jpg229 rotated 3 89 8 0.9583161547703298 0.21
jpg229 rotated 8 89 8 1.7808281624687226 0.2
0_welcome original 1 515 1 0.0 0.93
0_welcome original 3 515 3 37.18843700685477 0.01
0_welcome original 8 515 8 17.886011675961015 0.01
0_welcome shuffled 1 515 1 0.0 0.92
0_welcome shuffled 3 515 3 32.17329045616822 0.01
0_welcome shuffled 8 515 8 16.50577721769548 0.01
0_welcome rotated 1 515 1 0.0 0.95
0_welcome rotated 3 515 3 19.45354618197132 0.01
0_welcome rotated 8 515 8 20.67021592775302 0.01
jpg107-167 original 1 319 1 0.0 0.9
jpg107-167 original 3 319 3 24.823159453883193 0.01
jpg107-167 original 8 319 8 12.636923605453006 0.01
jpg107-167 shuffled 1 319 2 -3.116543285403992 0.89
jpg107-167 shuffled 3 319 6 15.813476539732022 0.01
jpg107-167 shuffled 8 319 8 16.827701653912754 0.01
jpg107-167 rotated 1 319 1 0.0 0.95
jpg107-167 rotated 3 319 3 7.821744362521315 0.01
jpg107-167 rotated 8 319 8 11.149449461366373 0.01
p56_an_end original 1 85 3 -0.9469431048996597 0.65
p56_an_end original 3 85 3 1.392485021036606 0.13
p56_an_end original 8 85 8 0.986408938282807 0.34
p56_an_end shuffled 1 85 1 0.0 0.71
p56_an_end shuffled 3 85 3 1.4717894716023068 0.14
p56_an_end shuffled 8 85 2 1.5383864104662877 0.16
p56_an_end rotated 1 85 1 0.0 0.64
p56_an_end rotated 3 85 3 4.9400203797387405 0.01
p56_an_end rotated 8 85 8 3.3953132196918148 0.1
p57_parable original 1 95 1 0.0 0.57
p57_parable original 3 95 4 -1.6073508598522466 0.79
p57_parable original 8 95 8 5.295259377369604 0.02
p57_parable shuffled 1 95 2 -1.0878950777577643 0.77
p57_parable shuffled 3 95 6 -0.07365969581810816 0.61
p57_parable shuffled 8 95 8 1.2413904988172533 0.27
p57_parable rotated 1 95 1 0.0 0.6
p57_parable rotated 3 95 7 0.28941257357190864 0.3
p57_parable rotated 8 95 8 1.4268988564786866 0.2
REAL 7 -6.54144671520271 0.805
