packet-1-main -2.474951737727254 0.7052575830020942
packet-1-null-00 -6.784704672120532 0.696902042000147
packet-1-null-01 -6.8775342975347025 0.7086399579930003
packet-1-null-02 -6.826381301033652 0.6947382919970551
packet-1-null-03 -6.6436369642101365 0.7199383749975823
packet-1-null-04 -6.799531900759043 0.7159832500037737
packet-1-null-05 -6.8473108721561005 0.7089284169996972
packet-1-null-06 -6.823706097808249 0.6944655420011259
packet-1-null-07 -6.907615368433501 0.7062735830040765
packet-1-null-08 -6.79136606970067 0.6997249170017312
packet-1-null-09 -6.875203470138049 0.7047079580006539
packet-1-null-10 -6.890318235594628 0.744613709000987
packet-1-null-11 -6.804148613601787 0.7301351250061998
packet-1-null-12 -6.615231671904136 0.7020806250002352
packet-1-null-13 -6.747171768654614 0.7123116250004387
packet-1-null-14 -6.881396358407294 0.695666457999323
packet-1-null-15 -6.87737647880216 0.7071218330020201
packet-1-null-16 -6.8810674932740445 0.6989894169964828
packet-1-null-17 -6.8413900428902945 0.7079598329946748
packet-1-null-18 -6.7873325524893495 0.6993559589973302
{"packet": 1, "name": "virgil-book-IV", "n": 339, "boundaries": 60, "nulls": 19, "maximum": -2.474951737727254, "tail": 0.05, "control": {"truth_id": "clue:005:1:1", "truth_key_rank": 1, "truth_score": -2.474951737727254, "truth_path_rank_in_correct_cell": 1, "first_truth_pruned": null, "selected_rune_errors": 0, "correct_cell_errors": 0, "selected_id": "clue:005:1:1", "truth": [24, 16, 4, 18, 6, 10, 9, 24, 6, 4, 24, 1, 10, 27, 19, 23, 1, 23, 1, 19, 15, 24, 1, 5, 27, 5, 1, 4, 24, 1, 3, 20, 9, 1, 15, 24, 20, 10, 16, 1, 18, 9, 10, 15, 18, 16, 5, 25, 5, 3, 5, 24, 4, 13, 10, 16, 1, 4, 10, 6, 9, 10, 19, 1, 20, 16, 24, 1, 10, 4, 10, 1, 10, 4, 16, 1, 15, 24, 9, 10, 19, 3, 19, 1, 20, 16, 1, 15, 5, 1, 18, 4, 18, 5, 1, 4, 15, 24, 16, 6, 18, 9, 16, 10, 15, 8, 3, 9, 3, 15, 8, 25, 4, 18, 9, 16, 10, 9, 0, 10, 14, 10, 13, 18, 5, 16, 3, 4, 18, 1, 3, 20, 16, 1, 15, 1, 18, 4, 17, 24, 5, 1, 18, 9, 18, 5, 13, 20, 24, 5, 10, 23, 24, 19, 19, 18, 19, 17, 4, 10, 15, 23, 24, 16, 5, 1, 4, 24, 5, 1, 10, 18, 16, 18, 19, 13, 3, 15, 16, 18, 4, 24, 13, 8, 22, 17, 28, 20, 1, 15, 16, 4, 24, 17, 24, 16, 20, 24, 19, 13, 24, 23, 18, 16, 18, 4, 4, 24, 15, 1, 19, 18, 9, 16, 18, 19, 5, 1, 18, 24, 1, 4, 3, 4, 24, 13, 3, 20, 3, 23, 10, 19, 3, 1, 18, 4, 24, 16, 1, 19, 17, 4, 24, 19, 5, 1, 19, 15, 10, 5, 1, 9, 24, 9, 10, 19, 24, 19, 24, 23, 20, 3, 5, 1, 10, 16, 1, 4, 19, 24, 20, 18, 15, 24, 9, 24, 15, 3, 4, 3, 4, 18, 19, 24, 9, 9, 24, 15, 3, 4, 3, 4, 5, 1, 25, 19, 18, 15, 1, 15, 13, 18, 9, 15, 24, 19, 10, 9, 15, 3, 19, 9, 27, 16, 18, 4, 4, 18, 9, 16, 5, 1, 10, 15, 9, 3, 1, 1, 15, 8, 10, 5, 9, 3, 15, 16, 4, 10, 15], "truth_literal": []}, "seconds": 14.153794500998629}
SECONDS 15.431136416998925
