1 -4.604954814129232 0.3 elapsed 1.1915135409981303
2 -4.723366257257935 0.45 elapsed 1.9774932910004281
3 -4.693919610249293 0.4 elapsed 2.8819890409977234
5 -4.7403028491442845 0.95 elapsed 4.049370041000657
6 -4.597496514078681 0.1 elapsed 4.810663915999612
7 -4.65195145367561 0.7 elapsed 5.643501999998989
8 -4.660664708051245 0.05 elapsed 6.770834790997469
10 -4.695067781046724 0.9 elapsed 7.9707822909986135
11 -4.787456781866648 0.85 elapsed 9.19572637499732
12 -4.687142033981806 0.75 elapsed 10.433955541000614
13 -4.62807885161672 0.15 elapsed 11.65654054100014
15 -4.662316282288705 0.6 elapsed 12.255128207998496
16 -4.739354595708913 0.9 elapsed 13.4775440409976
18 -4.573065223157324 0.2 elapsed 14.645444082998438
20 -4.678881541802372 0.65 elapsed 15.869755166000687
21 -4.742148315028109 0.4 elapsed 17.10928233300001
22 -4.83660915174016 1.0 elapsed 17.584062333000475
23 -4.608639485370437 0.1 elapsed 18.484291374999884
25 -4.730896222584842 0.5 elapsed 19.842157957999007
26 -4.677375020566762 0.55 elapsed 21.151110582999536
27 -4.756154501231598 0.65 elapsed 22.163474124998174
28 -4.632017490401582 0.05 elapsed 23.44446854099806
30 -4.632787608301499 0.3 elapsed 24.653757832998963
31 -4.611162485471999 0.2 elapsed 25.902728207998734
32 -4.7034990809474975 0.4 elapsed 26.309304082999006
33 -4.639092824949154 0.6 elapsed 27.215204290998372
35 -4.674039431901906 0.4 elapsed 28.456776082999568
36 -4.766037964518289 0.85 elapsed 29.48533099999986
37 -4.755288310573257 1.0 elapsed 30.455991332997655
38 -4.723416471614863 0.45 elapsed 31.45409995799855
40 -4.7259813307721386 0.95 elapsed 32.45493266599806
41 -4.604409800214983 0.05 elapsed 33.74820429099782
42 -4.636941682895278 0.35 elapsed 35.03712354099844
43 -4.712627350630091 0.75 elapsed 36.343864208000014
45 -4.720343073446163 0.85 elapsed 37.61499366600037
46 -4.6514564942249175 0.4 elapsed 38.900980374997744
47 -4.836981484903137 0.95 elapsed 40.16899937500057
48 -4.674275562229189 0.65 elapsed 41.46622754099735
49 -4.693386802683766 0.85 elapsed 41.65729237499909
51 -4.499949590195871 0.2 elapsed 41.992574290998164
52 -4.69489845865217 0.6 elapsed 43.18996191599945
53 -4.602026549626255 0.2 elapsed 43.91379945799781
55 -4.783095959658288 0.9 elapsed 44.14798887500001
