10 2 0.13008970800001407 1681 -4.572488312768013 -4.845138746612814
10 3 4.421516125003109 48749 -4.584048872031337 -4.793706806212479
11 2 0.1293974169966532 1681 -4.5975458217884695 -4.8848123857669075
11 3 4.422564792002959 48749 -4.576046709604039 -4.801414721887809
12 2 0.1301129170024069 1681 -4.6072645638047796 -4.887644164960124
12 3 4.4078530830011005 48749 -4.589813706326096 -4.811874610981936
13 2 0.12900466700375546 1681 -4.600997138627412 -4.861758724823345
13 3 4.4353739579964895 48749 -4.560400196760814 -4.8226261271777195
14 2 0.12880108399986057 1681 -4.5965259589362955 -4.88717164156297
14 3 4.493441165999684 48749 -4.551821217900528 -4.854785447678644
15 2 0.12874908400408458 1681 -4.612940945015895 -4.904493805833422
15 3 4.506636457997956 48749 -4.550190464013082 -4.792827197621865
16 2 0.13382358299713815 1681 -4.575640016177756 -4.8958447769442435
16 3 4.435026207996998 48749 -4.558726588518614 -4.81719533501597
17 2 0.12908674999926006 1681 -4.64642243971815 -4.863990555952652
17 3 4.466129499996896 48749 -4.573844365853498 -4.818636499609477
18 2 0.1316994579974562 1681 -4.607905303429258 -4.906475404098987
18 3 4.424865749999299 48749 -4.526774216237289 -4.814753236976481
19 2 0.12891620799928205 1681 -4.602435669006918 -4.859086976609571
19 3 4.448186749999877 48749 -4.566827178140441 -4.797972412658313
