packet-2-main -2.340430093152969 0.4148704999970505
packet-2-null-00 -7.026657456019537 0.41609179199440405
packet-2-null-01 -7.1400935441767555 0.4185620420030318
packet-2-null-02 -7.086951998511173 0.41463362500508083
packet-2-null-03 -7.1193340505612115 0.45187891599925933
packet-2-null-04 -7.1587067600372905 0.418441834000987
packet-2-null-05 -7.139056396748449 0.4292475420006667
packet-2-null-06 -7.128088472040485 0.41484508400026243
packet-2-null-07 -7.0631375616512715 0.4308652500039898
packet-2-null-08 -7.167959196383751 0.41702837500633905
packet-2-null-09 -7.149724623831874 0.43152841700066347
packet-2-null-10 -7.042738717657982 0.4457114580000052
packet-2-null-11 -7.059205697493007 0.4365327090054052
packet-2-null-12 -7.060555084889483 0.42011404200457036
packet-2-null-13 -7.025802699957222 0.4320860830048332
packet-2-null-14 -7.172054514758904 0.41852374999871245
packet-2-null-15 -7.107114097863596 0.4341516250060522
packet-2-null-16 -7.19202605318772 0.419580624999071
packet-2-null-17 -7.013170106055554 0.44661933300085366
packet-2-null-18 -7.1182378771330885 0.4211198749981122
{"packet": 2, "name": "virgil-book-VII", "n": 331, "boundaries": 60, "nulls": 19, "maximum": -2.340430093152969, "tail": 0.05, "control": {"truth_id": "clue:010:2:-1", "truth_key_rank": 1, "truth_score": -2.340430093152969, "truth_path_rank_in_correct_cell": 1, "first_truth_pruned": null, "selected_rune_errors": 0, "correct_cell_errors": 0, "selected_id": "clue:010:2:-1", "truth": [16, 1, 5, 1, 3, 5, 1, 18, 20, 10, 16, 3, 4, 10, 17, 1, 15, 9, 3, 15, 16, 4, 10, 15, 25, 9, 18, 27, 9, 1, 16, 4, 10, 14, 25, 16, 18, 4, 9, 24, 19, 19, 3, 4, 10, 18, 9, 15, 0, 24, 19, 24, 19, 5, 24, 10, 18, 16, 24, 23, 18, 23, 10, 15, 16, 10, 18, 16, 9, 1, 9, 5, 15, 18, 4, 1, 24, 16, 8, 3, 9, 3, 15, 15, 18, 23, 18, 19, 16, 1, 1, 15, 3, 15, 15, 24, 5, 1, 18, 9, 3, 19, 18, 9, 8, 18, 15, 13, 18, 4, 27, 10, 9, 19, 24, 6, 9, 24, 15, 10, 5, 1, 24, 18, 15, 16, 28, 6, 20, 3, 4, 27, 15, 10, 6, 9, 24, 16, 24, 16, 13, 10, 1, 15, 18, 14, 15, 18, 5, 1, 10, 10, 15, 25, 9, 28, 15, 4, 10, 16, 18, 15, 3, 20, 1, 16, 10, 15, 24, 6, 6, 18, 4, 18, 5, 3, 19, 13, 3, 15, 10, 16, 3, 16, 1, 19, 1, 20, 10, 13, 3, 15, 16, 5, 1, 24, 19, 24, 20, 16, 24, 5, 1, 10, 18, 4, 1, 9, 16, 25, 5, 1, 3, 4, 24, 16, 18, 9, 23, 10, 16, 10, 16, 18, 4, 1, 18, 20, 10, 15, 13, 3, 4, 16, 1, 19, 5, 1, 18, 4, 18, 20, 10, 9, 5, 1, 10, 16, 24, 23, 15, 13, 10, 4, 24, 9, 16, 24, 1, 4, 25, 10, 9, 9, 3, 5, 16, 18, 19, 9, 18, 5, 5, 24, 9, 23, 10, 23, 24, 5, 1, 4, 15, 1, 15, 20, 1, 9, 24, 9, 18, 6, 24, 16, 15, 13, 20, 18, 9, 23, 18, 16, 16, 4, 18, 19, 1, 20, 3, 15, 1, 17, 20, 1, 19, 10, 9, 18, 13, 3, 9, 16, 1, 15, 13, 4, 3, 14, 10, 19, 24], "truth_literal": [48]}, "seconds": 8.53243287702935}
