complementary 0 -5.397855070508676 -5.586824471165931 3.7169612889701966
complementary 1 -5.380180249120939 -5.708108557710194 3.754822913040698
complementary 2 -5.352283027922332 -5.611114603233013 3.595831623992126
complementary 3 -5.381339571563785 -5.790865201886366 3.7269681689867866
complementary 4 -5.39593059133831 -5.679290188041654 3.739477289993374
complementary 5 -5.34322178737616 -5.506911268747481 3.7684990799825755
complementary 6 -5.372332485000865 -5.572674269711574 3.7523887479837867
complementary 7 -5.397064635424268 -5.6933441280651085 3.7462120829950436
complementary 8 -5.394429345077548 -5.688607040537103 3.732244625010935
complementary 9 -5.336479542355691 -5.486329439696544 3.776200456006336
complementary 10 -5.362042591656342 -5.56244009183744 3.8027312500344124
complementary 11 -5.320850840601411 -5.6807611392704915 3.735957455028256
complementary 12 -5.311803936966846 -5.604906776113228 3.7542510030034464
complementary 13 -5.379142777711833 -5.591138681438085 3.759905251019518
complementary 14 -5.40515741124479 -5.748824852939416 3.803911541013804
complementary 15 -5.355052241508552 -5.4741200648756125 3.6161296669743024
complementary 16 -5.373193980124701 -5.672162903726186 3.79976112703298
complementary 17 -5.397419369952405 -5.696251752407027 3.7990674170141574
complementary 18 -5.417585324731225 -5.719547657277835 3.787361711008998
complementary 19 -5.39901724774935 -5.675253158017037 3.77330533399072
