packet-0-main -2.23538720273839 0.38463612500345334
packet-0-null-00 -6.958138307434747 0.36796637500083307
packet-0-null-01 -6.833690547995756 0.37084820900054183
packet-0-null-02 -6.908516618046798 0.36113237500103423
packet-0-null-03 -7.016367905974255 0.38814595800067764
packet-0-null-04 -6.913846875798052 0.3632100419999915
packet-0-null-05 -7.040959159574069 0.363228041002003
packet-0-null-06 -6.829694846464152 0.37420316700445255
packet-0-null-07 -6.832808057337248 0.3636629160027951
packet-0-null-08 -7.036997842049116 0.3648392920003971
packet-0-null-09 -7.021251175121698 0.3775949170012609
packet-0-null-10 -6.986887753912628 0.39761958299641265
packet-0-null-11 -6.774695301941273 0.38595145900035277
packet-0-null-12 -6.942209374892452 0.3870815410045907
packet-0-null-13 -7.010352069540884 0.3691932910005562
packet-0-null-14 -7.020422712177855 0.38665149999724235
packet-0-null-15 -7.020894084749491 0.4018188750051195
packet-0-null-16 -6.991589156032336 0.36659029200382065
packet-0-null-17 -7.053883941353773 0.4007111250029993
packet-0-null-18 -7.030743787555004 0.40668516699952306
{"packet": 0, "name": "virgil-book-I", "n": 303, "boundaries": 60, "nulls": 19, "maximum": -2.23538720273839, "tail": 0.05, "control": {"truth_id": "clue:000:0:-1", "truth_key_rank": 1, "truth_score": -2.23538720273839, "truth_path_rank_in_correct_cell": 1, "first_truth_pruned": null, "selected_rune_errors": 0, "correct_cell_errors": 0, "selected_id": "clue:000:0:-1", "truth": [24, 4, 19, 24, 1, 10, 4, 1, 19, 5, 1, 18, 5, 24, 9, 3, 16, 4, 3, 27, 18, 5, 1, 10, 13, 4, 10, 19, 1, 15, 24, 17, 3, 4, 10, 15, 10, 16, 24, 20, 27, 19, 0, 24, 16, 3, 13, 4, 3, 0, 1, 6, 1, 15, 20, 24, 1, 10, 9, 27, 5, 1, 18, 1, 18, 9, 10, 16, 20, 10, 16, 3, 4, 24, 19, 1, 20, 16, 1, 19, 10, 20, 20, 18, 18, 16, 16, 18, 4, 4, 10, 15, 27, 5, 16, 24, 16, 1, 15, 18, 16, 24, 20, 16, 3, 1, 10, 15, 1, 13, 18, 4, 1, 19, 15, 25, 1, 25, 19, 18, 19, 3, 4, 18, 19, 10, 1, 9, 3, 9, 10, 15, 3, 17, 10, 4, 24, 19, 19, 1, 20, 16, 24, 5, 1, 3, 5, 1, 18, 18, 16, 17, 18, 20, 20, 3, 13, 24, 15, 15, 1, 15, 23, 1, 19, 5, 3, 9, 23, 18, 4, 18, 16, 1, 4, 17, 18, 19, 10, 9, 0, 18, 4, 4, 18, 16, 5, 1, 18, 23, 12, 15, 20, 24, 16, 10, 3, 6, 18, 9, 1, 15, 1, 9, 23, 18, 20, 24, 16, 10, 9, 1, 19, 24, 20, 17, 24, 9, 10, 5, 1, 18, 13, 24, 16, 4, 18, 15, 24, 16, 5, 1, 18, 24, 20, 16, 25, 19, 22, 9, 27, 4, 3, 19, 25, 19, 1, 15, 24, 19, 10, 8, 10, 5, 24, 1, 15, 24, 15, 19, 18, 19, 3, 4, 24, 5, 1, 3, 9, 1, 19, 10, 9, 18, 20, 25, 15, 3, 5, 1, 10, 23, 1, 18, 23, 3, 20, 18, 9, 15, 4, 18, 6, 10, 9, 24, 23, 18, 1, 19, 16, 3, 16], "truth_literal": [42, 180]}, "seconds": 7.5817702500280575}
