0 2 0.13111904099787353 1681 -5.327079726897427 -5.703237480908371
0 3 4.464116541996191 48749 -5.269973033700911 -5.581794797040145
1 2 0.1300565830024425 1681 -5.367808369671151 -5.583831634568767
1 3 4.4704561670005205 48749 -5.2805385810983685 -5.598569829048234
2 2 0.13020474999939324 1681 -5.3119197748538465 -5.713847956568317
2 3 4.453939207996882 48749 -5.266260602344257 -5.599039580393184
3 2 0.13978908299759496 1681 -5.299775633813534 -5.700653954039184
3 3 4.462401291995775 48749 -5.285207772348692 -5.652713613064517
4 2 0.12964849999843864 1681 -5.305956305876839 -5.702430979635976
4 3 4.460095791997446 48749 -5.2629907778108045 -5.587228075134645
5 2 0.13157395899906987 1681 -5.297237562533962 -5.681303194738941
5 3 4.449670374997368 48749 -5.308754446420742 -5.630620962501534
6 2 0.1310544999942067 1681 -5.343422315819265 -5.649370286145253
6 3 4.464326250003069 48749 -5.262747863954726 -5.5819137788737585
7 2 0.12992645900521893 1681 -5.346573574570179 -5.632271967399401
7 3 4.447106416999304 48749 -5.235905006087052 -5.634107025847456
8 2 0.12998399999924004 1681 -5.31703122150242 -5.64891647147793
8 3 4.4733582499975455 48749 -5.261742072167737 -5.628903258610354
9 2 0.12961729200469563 1681 -5.32556099689277 -5.683430999261374
9 3 4.457297416993242 48749 -5.252913599288657 -5.580874475866223
