packet-3-main -2.199134376790884 1.0019712909997907
packet-3-null-00 -6.77876832878001 1.012644750000618
packet-3-null-01 -6.874505392070499 1.0055909590009833
packet-3-null-02 -6.85790761932695 1.0075788339963765
packet-3-null-03 -6.879503667688436 1.0190543749995413
packet-3-null-04 -6.741862609849808 1.0033105409966083
packet-3-null-05 -6.774732323472527 1.0105272910004715
packet-3-null-06 -6.710799625846139 1.0079970410006354
packet-3-null-07 -6.873220379192337 1.009000833000755
packet-3-null-08 -6.862035391888806 1.0085960829965188
packet-3-null-09 -6.830613828560724 1.0122112079989165
packet-3-null-10 -6.703332501773521 1.0098737500011339
packet-3-null-11 -6.7368870623766455 1.0620509579966892
packet-3-null-12 -6.759804204002178 1.0190297500012093
packet-3-null-13 -6.8304653903013515 1.0127993339992827
packet-3-null-14 -6.852222867922017 1.0143773750023684
packet-3-null-15 -6.810578263376632 1.0131699170015054
packet-3-null-16 -6.748366609624816 1.0190975829973468
packet-3-null-17 -6.846579127287638 1.0116700830039917
packet-3-null-18 -6.859309801465548 1.0117622920006397
{"packet": 3, "name": "virgil-book-X", "n": 383, "boundaries": 60, "nulls": 19, "maximum": -2.199134376790884, "tail": 0.05, "control": {"truth_id": "clue:015:3:1", "truth_key_rank": 1, "truth_score": -2.199134376790884, "truth_path_rank_in_correct_cell": 1, "first_truth_pruned": null, "selected_rune_errors": 0, "correct_cell_errors": 0, "selected_id": "clue:015:3:1", "truth": [13, 24, 9, 23, 10, 16, 1, 4, 10, 9, 16, 18, 4, 28, 23, 3, 19, 1, 15, 3, 19, 9, 10, 13, 3, 16, 18, 9, 16, 10, 15, 3, 20, 26, 19, 13, 10, 5, 3, 9, 5, 10, 20, 10, 1, 19, 5, 1, 18, 1, 3, 5, 24, 16, 23, 10, 1, 3, 19, 13, 24, 16, 18, 4, 24, 16, 5, 1, 18, 8, 3, 19, 10, 9, 1, 19, 4, 18, 14, 15, 10, 23, 18, 4, 28, 19, 10, 9, 15, 18, 23, 18, 19, 16, 18, 4, 4, 24, 15, 1, 9, 23, 18, 24, 4, 23, 1, 1, 15, 3, 19, 9, 10, 15, 5, 24, 15, 16, 4, 24, 5, 1, 18, 23, 24, 4, 23, 24, 9, 10, 23, 1, 19, 24, 23, 15, 13, 18, 5, 16, 24, 16, 13, 3, 13, 1, 20, 3, 15, 5, 1, 18, 20, 24, 16, 10, 9, 3, 15, 5, 3, 9, 15, 10, 23, 1, 9, 16, 16, 18, 5, 16, 10, 15, 17, 10, 13, 24, 16, 18, 9, 16, 10, 17, 1, 15, 10, 9, 5, 10, 13, 10, 16, 10, 13, 15, 18, 5, 25, 20, 10, 5, 3, 20, 25, 19, 24, 6, 9, 10, 5, 1, 27, 9, 24, 19, 15, 18, 9, 16, 18, 9, 16, 27, 1, 3, 17, 10, 15, 1, 18, 4, 15, 24, 4, 18, 16, 4, 3, 16, 24, 9, 16, 1, 19, 5, 1, 18, 24, 9, 10, 19, 10, 15, 5, 18, 4, 16, 24, 16, 10, 15, 10, 9, 10, 5, 1, 10, 15, 24, 17, 9, 1, 18, 4, 24, 19, 17, 18, 20, 20, 3, 10, 16, 24, 20, 27, 19, 5, 3, 9, 5, 1, 4, 4, 18, 4, 18, 16, 18, 1, 5, 4, 10, 15, 5, 1, 25, 5, 3, 9, 16, 4, 24, 1, 18, 16, 10, 16, 1, 19, 23, 10, 15, 5, 3, 4, 23, 27, 5, 1, 10, 15, 19, 18, 16, 1, 15, 24, 1, 16, 8, 3, 15, 24, 1, 16, 8, 3, 15, 24, 4, 19, 24, 15, 18, 5, 1, 10, 0, 18, 4, 4, 1, 19, 5, 1, 18, 20, 24, 5, 18, 15, 15, 18, 4, 18, 15, 1, 24, 15, 10, 16], "truth_literal": [359]}, "seconds": 20.272314247995382}
SECONDS 21.572701750003034
