packet-3-main -2.1987499772728225 1.025224042001355
packet-3-null-00 -6.849170505678819 1.0104015420001815
packet-3-null-01 -6.940519355753002 1.0183077080000658
packet-3-null-02 -6.931946320833755 1.025192250002874
packet-3-null-03 -6.988562498869508 1.040561499998148
packet-3-null-04 -6.855226053547142 1.0316966669997782
packet-3-null-05 -6.888425129826085 1.0167988339962903
packet-3-null-06 -6.800097575853217 1.0259458330037887
packet-3-null-07 -6.928166310247059 1.0257596249939525
packet-3-null-08 -6.942064137536764 1.0246000410043052
packet-3-null-09 -6.902610067709454 1.029010541999014
packet-3-null-10 -6.879049512607501 1.0548198749966105
packet-3-null-11 -6.883959906762545 1.030501125002047
packet-3-null-12 -6.8052815085976945 1.0328027920040768
packet-3-null-13 -6.863866258544579 1.0185345420031808
packet-3-null-14 -6.960608842218772 1.0218697500022245
packet-3-null-15 -6.88318382970644 1.043081041003461
packet-3-null-16 -6.798894014259039 1.0191693750020931
packet-3-null-17 -6.929010051180221 1.0700539169993135
packet-3-null-18 -6.930289120120367 1.0218736669994541
{"packet": 3, "name": "virgil-book-X", "n": 383, "boundaries": 60, "nulls": 19, "maximum": -2.1987499772728225, "tail": 0.05, "control": {"truth_id": "clue:015:3:1", "truth_key_rank": 1, "truth_score": -2.1987499772728225, "truth_path_rank_in_correct_cell": 1, "first_truth_pruned": null, "selected_rune_errors": 0, "correct_cell_errors": 0, "selected_id": "clue:015:3:1", "truth": [13, 24, 9, 23, 10, 16, 1, 4, 10, 9, 16, 18, 4, 28, 23, 3, 19, 1, 15, 3, 19, 9, 10, 13, 3, 16, 18, 9, 16, 10, 15, 3, 20, 26, 19, 13, 10, 5, 3, 9, 5, 10, 20, 10, 1, 19, 5, 1, 18, 1, 3, 5, 24, 16, 23, 10, 1, 3, 19, 13, 24, 16, 18, 4, 24, 16, 5, 1, 18, 8, 3, 19, 10, 9, 1, 19, 4, 18, 14, 15, 10, 23, 18, 4, 28, 19, 10, 9, 15, 18, 23, 18, 19, 16, 18, 4, 4, 24, 15, 1, 9, 23, 18, 24, 4, 23, 1, 1, 15, 3, 19, 9, 10, 15, 5, 24, 15, 16, 4, 24, 5, 1, 18, 23, 24, 4, 23, 24, 9, 10, 23, 1, 19, 24, 23, 15, 13, 18, 5, 16, 24, 16, 13, 3, 13, 1, 20, 3, 15, 5, 1, 18, 20, 24, 16, 10, 9, 3, 15, 5, 3, 9, 15, 10, 23, 1, 9, 16, 16, 18, 5, 16, 10, 15, 17, 10, 13, 24, 16, 18, 9, 16, 10, 17, 1, 15, 10, 9, 5, 10, 13, 10, 16, 10, 13, 15, 18, 5, 25, 20, 10, 5, 3, 20, 25, 19, 24, 6, 9, 10, 5, 1, 27, 9, 24, 19, 15, 18, 9, 16, 18, 9, 16, 27, 1, 3, 17, 10, 15, 1, 18, 4, 15, 24, 4, 18, 16, 4, 3, 16, 24, 9, 16, 1, 19, 5, 1, 18, 24, 9, 10, 19, 10, 15, 5, 18, 4, 16, 24, 16, 10, 15, 10, 9, 10, 5, 1, 10, 15, 24, 17, 9, 1, 18, 4, 24, 19, 17, 18, 20, 20, 3, 10, 16, 24, 20, 27, 19, 5, 3, 9, 5, 1, 4, 4, 18, 4, 18, 16, 18, 1, 5, 4, 10, 15, 5, 1, 25, 5, 3, 9, 16, 4, 24, 1, 18, 16, 10, 16, 1, 19, 23, 10, 15, 5, 3, 4, 23, 27, 5, 1, 10, 15, 19, 18, 16, 1, 15, 24, 1, 16, 8, 3, 15, 24, 1, 16, 8, 3, 15, 24, 4, 19, 24, 15, 18, 5, 1, 10, 0, 18, 4, 4, 1, 19, 5, 1, 18, 20, 24, 5, 18, 15, 15, 18, 4, 18, 15, 1, 24, 15, 10, 16], "truth_literal": [359]}, "seconds": 20.586204668012215}
