independent 0 1 0.17 [179] 1 0.0 0.81
independent 0 1 0.0 [179] 1 0.0 0.81
independent 0 3 0.17 [179] 3 5.926458803872265 0.02
independent 0 3 0.0 [176] 3 11.528302505646508 0.01
independent 0 8 0.17 [182] 4 6.93355277739164 0.01
independent 0 8 0.0 [172] 8 2.5239484436179964 0.08
independent 1 1 0.17 [153] 1 0.0 0.62
independent 1 1 0.0 [150] 1 0.0 0.6
independent 1 3 0.17 [153] 6 10.584700890749872 0.02
independent 1 3 0.0 [148] 3 1.5563699726170768 0.11
independent 1 8 0.17 [152] 5 7.488532532563212 0.01
independent 1 8 0.0 [150] 7 5.9063103555768635 0.02
independent 2 1 0.17 [767] 1 0.0 0.95
independent 2 1 0.0 [766] 1 0.0 0.95
independent 2 3 0.17 [754] 3 55.443933301372 0.01
independent 2 3 0.0 [758] 3 50.09048341811865 0.01
independent 2 8 0.17 [759] 8 43.638702271572924 0.01
independent 2 8 0.0 [744] 8 46.64756911546078 0.01
independent 3 1 0.17 [741] 1 0.0 0.96
independent 3 1 0.0 [737] 1 0.0 0.97
independent 3 3 0.17 [737] 3 38.46581810699627 0.01
independent 3 3 0.0 [726] 3 29.668836204331228 0.01
independent 3 8 0.17 [740] 8 30.909804149246497 0.01
independent 3 8 0.0 [720] 8 42.83956047386505 0.01
independent 4 1 0.17 [86] 2 -3.1827735278251907 0.83
independent 4 1 0.0 [86] 2 -3.1827735278251907 0.88
independent 4 3 0.17 [87] 1 0.0 0.49
independent 4 3 0.0 [85] 6 -0.2982256769331002 0.56
independent 4 8 0.17 [85] 2 -1.2499182126967696 0.6
independent 4 8 0.0 [87] 4 7.7334090335924515 0.01
independent 5 1 0.17 [500] 1 0.0 0.92
independent 5 1 0.0 [495] 1 0.0 0.93
independent 5 3 0.17 [498] 3 26.142319804741476 0.01
independent 5 3 0.0 [498] 3 33.59765924116397 0.01
independent 5 8 0.17 [497] 8 26.544926770114387 0.01
independent 5 8 0.0 [488] 8 19.71391041216623 0.01
independent 6 1 0.17 [313] 1 0.0 0.91
independent 6 1 0.0 [313] 1 0.0 0.91
independent 6 3 0.17 [312] 3 26.94865197028031 0.01
independent 6 3 0.0 [310] 3 23.771397097705943 0.01
independent 6 8 0.17 [309] 8 15.615251342932595 0.01
independent 6 8 0.0 [311] 8 24.699112484309524 0.01
independent 7 1 0.17 [83] 2 -0.05264522250574544 0.53
independent 7 1 0.0 [82] 2 -0.4083523611720068 0.58
independent 7 3 0.17 [81] 3 3.0955331364024943 0.04
independent 7 3 0.0 [83] 3 -0.8465137899594595 0.61
independent 7 8 0.17 [84] 8 3.175885348589844 0.06
independent 7 8 0.0 [80] 5 -0.9266487407773099 0.65
independent 8 1 0.17 [94] 1 0.0 0.68
independent 8 1 0.0 [94] 1 0.0 0.67
independent 8 3 0.17 [91] 6 4.8783914200182465 0.02
independent 8 3 0.0 [93] 3 2.4930991134105227 0.09
independent 8 8 0.17 [94] 6 0.20622994611693457 0.51
independent 8 8 0.0 [94] 8 3.673216628787827 0.08
pooled 0 1 0.17 [180, 153, 773, 741, 87] 1 0.0 0.94
pooled 0 1 0.0 [179, 150, 766, 737, 86] 1 0.0 0.94
pooled 0 3 0.17 [177, 151, 758, 740, 89] 3 93.47990601857714 0.01
pooled 0 3 0.0 [178, 152, 749, 724, 85] 3 108.10513966519079 0.01
pooled 0 8 0.17 [175, 156, 759, 723, 88] 8 110.96506897016548 0.01
pooled 0 8 0.0 [178, 154, 751, 734, 87] 8 123.4899963960429 0.01
pooled 1 1 0.17 [497, 314, 82, 94] 1 0.0 0.93
pooled 1 1 0.0 [495, 313, 82, 94] 1 0.0 0.96
pooled 1 3 0.17 [500, 308, 84, 93] 3 65.99067755473868 0.01
pooled 1 3 0.0 [502, 312, 81, 92] 3 68.20338171517244 0.01
pooled 1 8 0.17 [502, 311, 79, 92] 8 80.55786083901717 0.01
pooled 1 8 0.0 [506, 310, 82, 93] 8 60.27131057216923 0.01
