actual-prefix -4.490707333555511 0.11172191699733958
0 -4.490707333555511 -5.00776229868899
null00-prefix -4.548719666314404 0.10895545800303807
1 -4.548719666314404 -5.15459148958707
null01-prefix -4.471755140470471 0.11000041700026486
2 -4.471755140470471 -5.1348240048248295
null02-prefix -4.544781078030454 0.11052537499926984
3 -4.544781078030454 -5.050131922895428
null03-prefix -4.583010981658168 0.1109370409976691
4 -4.583010981658168 -4.935082678155965
null04-prefix -4.538754623703057 0.11163183300232049
5 -4.538754623703057 -5.115322224660292
null05-prefix -4.513069113387251 0.1107496659969911
6 -4.513069113387251 -5.175103550479787
null06-prefix -4.551746615179843 0.1108837499996298
7 -4.551746615179843 -5.0182120917581665
null07-prefix -4.572759977001934 0.11045595900213812
8 -4.572759977001934 -4.933687260964546
null08-prefix -4.569662937206962 0.1107754999975441
9 -4.569662937206962 -5.021050879519153
null09-prefix -4.563842328464502 0.11188350000156788
10 -4.563842328464502 -5.0648102782414846
null10-prefix -4.520279608420973 0.10958016699441941
11 -4.520279608420973 -5.060807020357972
null11-prefix -4.496588295808446 0.1101682919979794
12 -4.496588295808446 -5.06221481781401
null12-prefix -4.5324631307671135 0.11021416699804831
13 -4.5324631307671135 -5.06438621477947
null13-prefix -4.527669834358752 0.11061295899708057
14 -4.527669834358752 -5.191904802294013
null14-prefix -4.54922039718882 0.10802829200110864
15 -4.54922039718882 -4.814869257252762
null15-prefix -4.5528448979699165 0.11037320800096495
16 -4.5528448979699165 -5.147067363693268
null16-prefix -4.569942368405261 0.11013395799818682
17 -4.569942368405261 -5.1392601127200495
null17-prefix -4.433670039584909 0.1114066250011092
18 -4.433670039584909 -5.074899236539298
null18-prefix -4.58513205009229 0.11086900000373134
19 -4.58513205009229 -5.154091227014736
{"actual_prefix": -4.490707333555511, "actual_continuation": -5.00776229868899, "tail": 0.2, "comparators": 19, "fit_seeds_per_panel": 732511, "panels": 20, "note": "one frozen prefix-best seed per panel; continuation is model-specific and discovery previously observed; no refit by continuation"}
