p03 0 -4.635742648422482 -4.842502556483575 3.6773440779579687
p03 1 -4.650846612887774 -4.778896283209954 3.689275916054612
p03 2 -4.623711969960577 -4.851192338119137 3.5970161259974702
p03 3 -4.635495209112556 -4.863493072810223 3.7373360339552164
p03 4 -4.636753499104425 -4.876159259562531 3.7110946259490447
p03 5 -4.5943859271811585 -4.834116728756113 3.7393010790328844
p03 6 -4.635597921567727 -4.743301395057338 3.744486505012901
p03 7 -4.621723928120207 -4.862714458736362 3.7129009979762486
p03 8 -4.6256058775158415 -4.788469420849036 3.716842501962674
p03 9 -4.605224241443446 -4.81342700539391 3.749260503973346
p03 10 -4.640616691593444 -4.8127946563525095 3.769277873041574
p03 11 -4.640014094927367 -4.878711537215267 3.6936300459856284
p03 12 -4.6470556768828795 -4.850319545823694 3.7628315419497085
p03 13 -4.6449455936221105 -4.787134791323056 3.7382422879818478
p03 14 -4.637521467330202 -4.846864215671985 3.7661549160184222
p03 15 -4.620592622592045 -4.889923140026112 3.5634365809964947
p03 16 -4.626293429256876 -4.833591412640652 3.757944671000587
p03 17 -4.662496505337334 -4.873358247489619 3.7876896670277347
p03 18 -4.6717062523327115 -4.882679654529304 3.7536201650000294
p03 19 -4.633321264140024 -4.697862588403632 3.7282741300005
