packet-2-main -2.3404159392433925 0.4225698329973966
packet-2-null-00 -6.951871916398355 0.4122860830029822
packet-2-null-01 -7.009150830780799 0.41457229200022994
packet-2-null-02 -6.997742913672767 0.4198590419982793
packet-2-null-03 -7.033810011588102 0.42380404099822044
packet-2-null-04 -7.082507520093165 0.4188471249944996
packet-2-null-05 -7.036540660973621 0.4104267090006033
packet-2-null-06 -6.923693710827706 0.4127433750036289
packet-2-null-07 -6.964828992316614 0.4190106659953017
packet-2-null-08 -7.060233279336345 0.41245145900029456
packet-2-null-09 -6.967980782713327 0.42266116599785164
packet-2-null-10 -6.945198114613013 0.41386695899564074
packet-2-null-11 -6.979864674081909 0.4373886670000502
packet-2-null-12 -6.9115527336108835 0.4179638330024318
packet-2-null-13 -6.97372192765133 0.4099415830060025
packet-2-null-14 -7.058044173941998 0.4218767089987523
packet-2-null-15 -6.9940916835886435 0.4130014590045903
packet-2-null-16 -7.085593020556068 0.41299829199851956
packet-2-null-17 -6.861970455309811 0.4203421249985695
packet-2-null-18 -6.951730120000461 0.4142273329998716
{"packet": 2, "name": "virgil-book-VII", "n": 331, "boundaries": 60, "nulls": 19, "maximum": -2.3404159392433925, "tail": 0.05, "control": {"truth_id": "clue:010:2:-1", "truth_key_rank": 1, "truth_score": -2.3404159392433925, "truth_path_rank_in_correct_cell": 1, "first_truth_pruned": null, "selected_rune_errors": 0, "correct_cell_errors": 0, "selected_id": "clue:010:2:-1", "truth": [16, 1, 5, 1, 3, 5, 1, 18, 20, 10, 16, 3, 4, 10, 17, 1, 15, 9, 3, 15, 16, 4, 10, 15, 25, 9, 18, 27, 9, 1, 16, 4, 10, 14, 25, 16, 18, 4, 9, 24, 19, 19, 3, 4, 10, 18, 9, 15, 0, 24, 19, 24, 19, 5, 24, 10, 18, 16, 24, 23, 18, 23, 10, 15, 16, 10, 18, 16, 9, 1, 9, 5, 15, 18, 4, 1, 24, 16, 8, 3, 9, 3, 15, 15, 18, 23, 18, 19, 16, 1, 1, 15, 3, 15, 15, 24, 5, 1, 18, 9, 3, 19, 18, 9, 8, 18, 15, 13, 18, 4, 27, 10, 9, 19, 24, 6, 9, 24, 15, 10, 5, 1, 24, 18, 15, 16, 28, 6, 20, 3, 4, 27, 15, 10, 6, 9, 24, 16, 24, 16, 13, 10, 1, 15, 18, 14, 15, 18, 5, 1, 10, 10, 15, 25, 9, 28, 15, 4, 10, 16, 18, 15, 3, 20, 1, 16, 10, 15, 24, 6, 6, 18, 4, 18, 5, 3, 19, 13, 3, 15, 10, 16, 3, 16, 1, 19, 1, 20, 10, 13, 3, 15, 16, 5, 1, 24, 19, 24, 20, 16, 24, 5, 1, 10, 18, 4, 1, 9, 16, 25, 5, 1, 3, 4, 24, 16, 18, 9, 23, 10, 16, 10, 16, 18, 4, 1, 18, 20, 10, 15, 13, 3, 4, 16, 1, 19, 5, 1, 18, 4, 18, 20, 10, 9, 5, 1, 10, 16, 24, 23, 15, 13, 10, 4, 24, 9, 16, 24, 1, 4, 25, 10, 9, 9, 3, 5, 16, 18, 19, 9, 18, 5, 5, 24, 9, 23, 10, 23, 24, 5, 1, 4, 15, 1, 15, 20, 1, 9, 24, 9, 18, 6, 24, 16, 15, 13, 20, 18, 9, 23, 18, 16, 16, 4, 18, 19, 1, 20, 3, 15, 1, 17, 20, 1, 19, 10, 9, 18, 13, 3, 9, 16, 1, 15, 13, 4, 3, 14, 10, 19, 24], "truth_literal": [48]}, "seconds": 8.350838750993717}
SECONDS 9.841539291002846
