control baseline
control alphabet
control successor
control repeat
{
  "names": [
    "word_start_rune",
    "word_end_rune",
    "word_nonself_pair",
    "word_doublet",
    "line_start_rune",
    "line_end_rune",
    "line_nonself_pair",
    "line_doublet"
  ],
  "pages": [
    0,
    1,
    2,
    3,
    5,
    6,
    7,
    8,
    10,
    11,
    12,
    13,
    15,
    16,
    17,
    18,
    20,
    21,
    22,
    23,
    25,
    26,
    27,
    28,
    30,
    31,
    32,
    33,
    35,
    36,
    37,
    38,
    40,
    41,
    42,
    43,
    45,
    46,
    47,
    48,
    49,
    51,
    52,
    53,
    55
  ],
  "runes": 10466,
  "word_count": 2662,
  "real": {
    "real": [
      35.15010149933607,
      31.89658459017087,
      938.1668196024126,
      0.04365460236472374,
      79.44467504410831,
      22.46424564922616,
      882.6428945775714,
      0.06694833845090509
    ],
    "tails": [
      0.162,
      0.279,
      0.118,
      0.787,
      0.001,
      0.763,
      0.142,
      0.768
    ],
    "bonferroni8": [
      1.0,
      1.0,
      0.944,
      1.0,
      0.008,
      1.0,
      1.0,
      1.0
    ]
  },
  "trim": {
    "real": [
      33.98750598655316,
      34.968518110301076,
      936.7449142050964,
      0.12670923946678458,
      65.80902364774909,
      23.774819458565872,
      880.5141067956807,
      0.0473107163348242
    ],
    "tails": [
      0.228,
      0.195,
      0.127,
      0.625,
      0.001,
      0.723,
      0.119,
      1.0
    ],
    "bonferroni8": [
      1.0,
      1.0,
      1.0,
      1.0,
      0.008,
      1.0,
      0.952,
      1.0
    ]
  },
  "controls": [
    {
      "real": [
        19.5345623416353,
        27.53526939077836,
        891.907305727497,
        1.5465427807077425,
        32.3174604755548,
        28.577832262618703,
        843.1562321709614,
        1.7062295487608683
      ],
      "tails": [
        0.875,
        0.5,
        0.49,
        0.225,
        0.285,
        0.54,
        0.71,
        0.305
      ],
      "bonferroni8": [
        1.0,
        1.0,
        1.0,
        1.0,
        1.0,
        1.0,
        1.0,
        1.0
      ],
      "type": "baseline",
      "rep": 0,
      "repeats": 69
    },
    {
      "real": [
        34.54749221626038,
        36.31409461264542,
        873.2926584893542,
        0.10177916830762745,
        34.05609116193987,
        23.223555668711075,
        845.4746131098827,
        0.00046466239836587264
      ],
      "tails": [
        0.23,
        0.12,
        0.69,
        0.68,
        0.235,
        0.685,
        0.605,
        1.0
      ],
      "bonferroni8": [
        1.0,
        0.96,
        1.0,
        1.0,
        1.0,
        1.0,
        1.0,
        1.0
      ],
      "type": "baseline",
      "rep": 1,
      "repeats": 71
    },
    {
      "real": [
        25.69053538246389,
        25.827022804694323,
        897.8761778393338,
        0.03244571940256513,
        16.20265570843374,
        40.20504853487415,
        821.025842401614,
        1.1107861118110156
      ],
      "tails": [
        0.65,
        0.58,
        0.405,
        0.81,
        0.96,
        0.08,
        0.91,
        0.305
      ],
      "bonferroni8": [
        1.0,
        1.0,
        1.0,
        1.0,
        1.0,
        0.64,
        1.0,
        1.0
      ],
      "type": "baseline",
      "rep": 2,
      "repeats": 73
    },
    {
      "real": [
        29.902776386481317,
        40.27740653396787,
        863.6582024921717,
        1.029377961214717,
        33.88012884922393,
        14.299943995790052,
        851.0649536572403,
        1.7629041534926704
      ],
      "tails": [
        0.395,
        0.055,
        0.66,
        0.385,
        0.17,
        0.975,
        0.545,
        0.27
      ],
      "bonferroni8": [
        1.0,
        0.44,
        1.0,
        1.0,
        1.0,
        1.0,
        1.0,
        1.0
      ],
      "type": "baseline",
      "rep": 3,
      "repeats": 70
    },
    {
      "real": [
        28.748788206866116,
        26.772153248969637,
        830.2124110432617,
        0.3907709757860882,
        32.59783183308981,
        15.057693148022157,
        796.3310151363678,
        2.1708379085430947
      ],
      "tails": [
        0.47,
        0.555,
        0.9,
        0.6,
        0.33,
        0.985,
        0.98,
        0.165
      ],
      "bonferroni8": [
        1.0,
        1.0,
        1.0,
        1.0,
        1.0,
        1.0,
        1.0,
        1.0
      ],
      "type": "baseline",
      "rep": 4,
      "repeats": 77
    },
    {
      "real": [
        21.013841853636006,
        43.03404276203061,
        897.9036077653334,
        1.514806846056647,
        30.54399392049718,
        34.298093593749684,
        845.2017391235282,
        0.0417434434485523
      ],
      "tails": [
        0.85,
        0.06,
        0.4,
        0.235,
        0.355,
        0.205,
        0.565,
        1.0
      ],
      "bonferroni8": [
        1.0,
        0.48,
        1.0,
        1.0,
        1.0,
        1.0,
        1.0,
        1.0
      ],
      "type": "baseline",
      "rep": 5,
      "repeats": 55
    },
    {
      "real": [
        21.34142404189741,
        24.524510757816664,
        855.9252736292801,
        0.014603477909873708,
        36.30067641239076,
        18.944335911740268,
        808.6578908262437,
        0.022261735657326587
      ],
      "tails": [
        0.835,
        0.635,
        0.735,
        0.895,
        0.18,
        0.9,
        0.97,
        0.81
      ],
      "bonferroni8": [
        1.0,
        1.0,
        1.0,
        1.0,
        1.0,
        1.0,
        1.0,
        1.0
      ],
      "type": "baseline",
      "rep": 6,
      "repeats": 66
    },
    {
      "real": [
        42.041232189333655,
        19.891235835719947,
        913.874852052389,
        1.4425818372469639,
        26.37128913204927,
        22.368693119628137,
        839.0941428525216,
        0.1880273978012894
      ],
      "tails": [
        0.045,
        0.88,
        0.235,
        0.285,
        0.61,
        0.795,
        0.75,
        0.585
      ],
      "bonferroni8": [
        0.36,
        1.0,
        1.0,
        1.0,
        1.0,
        1.0,
        1.0,
        1.0
      ],
      "type": "baseline",
      "rep": 7,
      "repeats": 77
    },
    {
      "real": [
        2337.753682542284,
        138.76972892675596,
        3246.5592480476007,
        0.023902910417409995,
        328.91555703413536,
        28.490847277544738,
        923.0738899083235,
        0.5873286470667614
      ],
      "tails": [
        0.005,
        0.005,
        0.005,
        0.895,
        0.005,
        0.49,
        0.005,
        0.4
      ],
      "bonferroni8": [
        0.04,
        0.04,
        0.04,
        1.0,
        0.04,
        1.0,
        0.04,
        1.0
      ],
      "type": "alphabet",
      "rep": 0,
      "repeats": 78
    },
    {
      "real": [
        2117.1990246514147,
        146.86383263234583,
        3089.1179828256263,
        2.5397982073834804,
        312.76565825782484,
        34.213340344654306,
        896.3345302536393,
        0.03080662113504362
      ],
      "tails": [
        0.005,
        0.005,
        0.005,
        0.1,
        0.005,
        0.165,
        0.015,
        0.765
      ],
      "bonferroni8": [
        0.04,
        0.04,
        0.04,
        0.8,
        0.04,
        1.0,
        0.12,
        1.0
      ],
      "type": "alphabet",
      "rep": 1,
      "repeats": 65
    },
    {
      "real": [
        2165.801896399994,
        128.07067366675648,
        3077.6997783606994,
        0.06210034721043245,
        292.1210643500846,
        19.793056317590402,
        881.8277935651417,
        2.460448727672677
      ],
      "tails": [
        0.005,
        0.005,
        0.005,
        0.745,
        0.005,
        0.855,
        0.03,
        0.095
      ],
      "bonferroni8": [
        0.04,
        0.04,
        0.04,
        1.0,
        0.04,
        1.0,
        0.24,
        0.76
      ],
      "type": "alphabet",
      "rep": 2,
      "repeats": 72
    },
    {
      "real": [
        2145.8415042359184,
        133.1755894984449,
        3070.6321588981173,
        1.1575796041470152,
        362.33461919482505,
        30.67787842307439,
        964.0406143952546,
        0.009482959249486056
      ],
      "tails": [
        0.005,
        0.005,
        0.005,
        0.215,
        0.005,
        0.345,
        0.005,
        0.815
      ],
      "bonferroni8": [
        0.04,
        0.04,
        0.04,
        1.0,
        0.04,
        1.0,
        0.04,
        1.0
      ],
      "type": "alphabet",
      "rep": 3,
      "repeats": 68
    },
    {
      "real": [
        2288.060785074813,
        116.01585861424213,
        3123.94235963339,
        1.5789872697116305,
        344.6052354221361,
        31.820357558214067,
        902.6053808629003,
        0.11428463145488987
      ],
      "tails": [
        0.005,
        0.005,
        0.005,
        0.195,
        0.005,
        0.285,
        0.015,
        0.8
      ],
      "bonferroni8": [
        0.04,
        0.04,
        0.04,
        1.0,
        0.04,
        1.0,
        0.12,
        1.0
      ],
      "type": "alphabet",
      "rep": 4,
      "repeats": 60
    },
    {
      "real": [
        2168.5950298772614,
        126.04444062736664,
        3127.3745946049717,
        2.007123074981676,
        335.5647667037468,
        47.22759429758584,
        906.6128895595689,
        0.0027173171076926295
      ],
      "tails": [
        0.005,
        0.005,
        0.005,
        0.185,
        0.005,
        0.015,
        0.005,
        1.0
      ],
      "bonferroni8": [
        0.04,
        0.04,
        0.04,
        1.0,
        0.04,
        0.12,
        0.04,
        1.0
      ],
      "type": "alphabet",
      "rep": 5,
      "repeats": 74
    },
    {
      "real": [
        2299.202381509292,
        116.0328172408069,
        3162.866252780658,
        0.6329852943998677,
        330.2735877672932,
        35.18960630328373,
        891.7988256758606,
        0.13541504314658792
      ],
      "tails": [
        0.005,
        0.005,
        0.005,
        0.45,
        0.005,
        0.185,
        0.02,
        0.785
      ],
      "bonferroni8": [
        0.04,
        0.04,
        0.04,
        1.0,
        0.04,
        1.0,
        0.16,
        1.0
      ],
      "type": "alphabet",
      "rep": 6,
      "repeats": 58
    },
    {
      "real": [
        2154.4603797382247,
        138.40628906389458,
        3117.379831315429,
        2.014322267443294,
        311.54624128768904,
        42.618752133590135,
        933.6544908738421,
        0.455281074437079
      ],
      "tails": [
        0.005,
        0.005,
        0.005,
        0.125,
        0.005,
        0.025,
        0.005,
        0.505
      ],
      "bonferroni8": [
        0.04,
        0.04,
        0.04,
        1.0,
        0.04,
        0.2,
        0.04,
        1.0
      ],
      "type": "alphabet",
      "rep": 7,
      "repeats": 88
    },
    {
      "real": [
        23.831897045697588,
        20.961354607101725,
        5310.8898634616835,
        8.113625407815505,
        33.41697978002773,
        30.808844787132813,
        979.2622899157583,
        0.08150101175378321
      ],
      "tails": [
        0.765,
        0.85,
        0.005,
        0.015,
        0.275,
        0.375,
        0.005,
        0.79
      ],
      "bonferroni8": [
        1.0,
        1.0,
        0.04,
        0.12,
        1.0,
        1.0,
        0.04,
        1.0
      ],
      "type": "successor",
      "rep": 0,
      "repeats": 58
    },
    {
      "real": [
        23.301017593596434,
        25.82544047604298,
        5398.759186658288,
        13.331485437463737,
        28.909165030638245,
        43.076298985771956,
        1000.3039066560202,
        1.4840088809247296
      ],
      "tails": [
        0.71,
        0.575,
        0.005,
        0.005,
        0.475,
        0.035,
        0.005,
        0.265
      ],
      "bonferroni8": [
        1.0,
        1.0,
        0.04,
        0.04,
        1.0,
        0.28,
        0.04,
        1.0
      ],
      "type": "successor",
      "rep": 1,
      "repeats": 65
    },
    {
      "real": [
        37.058185806166094,
        32.11557980197982,
        5434.1405528188025,
        1.5789872697116305,
        17.48606721164,
        27.874633907331525,
        1048.4326861013765,
        5.131774369886413
      ],
      "tails": [
        0.12,
        0.26,
        0.005,
        0.235,
        0.96,
        0.55,
        0.005,
        0.055
      ],
      "bonferroni8": [
        0.96,
        1.0,
        0.04,
        1.0,
        1.0,
        1.0,
        0.04,
        0.44
      ],
      "type": "successor",
      "rep": 2,
      "repeats": 60
    },
    {
      "real": [
        27.40439361854789,
        20.558759528795605,
        5368.102241182541,
        12.36858002518499,
        27.043184029245353,
        33.54058305994799,
        1043.930951232411,
        0.6853377372230098
      ],
      "tails": [
        0.545,
        0.9,
        0.005,
        0.005,
        0.54,
        0.21,
        0.005,
        0.495
      ],
      "bonferroni8": [
        1.0,
        1.0,
        0.04,
        0.04,
        1.0,
        1.0,
        0.04,
        1.0
      ],
      "type": "successor",
      "rep": 3,
      "repeats": 49
    },
    {
      "real": [
        25.769952703645224,
        25.974381883123165,
        5510.255599383975,
        5.686596653053263,
        29.109021240361837,
        23.9767570902412,
        1053.5242021892884,
        0.008343546190366674
      ],
      "tails": [
        0.605,
        0.585,
        0.005,
        0.015,
        0.39,
        0.7,
        0.005,
        1.0
      ],
      "bonferroni8": [
        1.0,
        1.0,
        0.04,
        0.12,
        1.0,
        1.0,
        0.04,
        1.0
      ],
      "type": "successor",
      "rep": 4,
      "repeats": 51
    },
    {
      "real": [
        24.936253990502237,
        36.62370457784599,
        5352.623955009817,
        1.8867038822570859,
        23.62798018341313,
        27.2775099538121,
        1073.8356250149964,
        0.1574293995679723
      ],
      "tails": [
        0.63,
        0.16,
        0.005,
        0.17,
        0.735,
        0.49,
        0.005,
        0.77
      ],
      "bonferroni8": [
        1.0,
        1.0,
        0.04,
        1.0,
        1.0,
        1.0,
        0.04,
        1.0
      ],
      "type": "successor",
      "rep": 5,
      "repeats": 57
    },
    {
      "real": [
        17.096235493651612,
        28.27330038431559,
        5399.396461022861,
        6.356502906935896,
        27.360502904993186,
        21.224607687888483,
        1026.1878073692214,
        0.02206481267647109
      ],
      "tails": [
        0.935,
        0.495,
        0.005,
        0.04,
        0.48,
        0.795,
        0.005,
        1.0
      ],
      "bonferroni8": [
        1.0,
        1.0,
        0.04,
        0.32,
        1.0,
        1.0,
        0.04,
        1.0
      ],
      "type": "successor",
      "rep": 6,
      "repeats": 53
    },
    {
      "real": [
        32.46609061068433,
        26.897021799770215,
        5301.179264891948,
        10.654620375171804,
        31.102155209158106,
        31.557295535799167,
        1018.2916653267599,
        0.8218000587898642
      ],
      "tails": [
        0.285,
        0.565,
        0.005,
        0.005,
        0.33,
        0.26,
        0.005,
        0.51
      ],
      "bonferroni8": [
        1.0,
        1.0,
        0.04,
        0.04,
        1.0,
        1.0,
        0.04,
        1.0
      ],
      "type": "successor",
      "rep": 7,
      "repeats": 52
    },
    {
      "real": [
        23.38410432641202,
        33.43322366079112,
        886.1311745978055,
        967.1456219298057,
        26.31449856284155,
        28.08300897174263,
        778.7759553539206,
        94.5535048131304
      ],
      "tails": [
        0.745,
        0.19,
        0.515,
        0.005,
        0.595,
        0.495,
        1.0,
        0.005
      ],
      "bonferroni8": [
        1.0,
        1.0,
        1.0,
        0.04,
        1.0,
        1.0,
        1.0,
        0.04
      ],
      "type": "repeat",
      "rep": 0,
      "repeats": 370
    },
    {
      "real": [
        27.516781855117696,
        23.179736780394514,
        913.6954583857831,
        1043.9962992888964,
        27.189483267793964,
        44.77317916908291,
        796.1667856644136,
        100.23855021132486
      ],
      "tails": [
        0.485,
        0.695,
        0.34,
        0.005,
        0.525,
        0.045,
        0.985,
        0.005
      ],
      "bonferroni8": [
        1.0,
        1.0,
        1.0,
        0.04,
        1.0,
        0.36,
        1.0,
        0.04
      ],
      "type": "repeat",
      "rep": 1,
      "repeats": 396
    },
    {
      "real": [
        18.12843542038737,
        21.776181774931402,
        894.1576322733299,
        1010.1969468189964,
        13.24094345132875,
        31.34904691406276,
        787.0499326707641,
        82.98889722627077
      ],
      "tails": [
        0.95,
        0.775,
        0.475,
        0.005,
        0.995,
        0.295,
        0.99,
        0.005
      ],
      "bonferroni8": [
        1.0,
        1.0,
        1.0,
        0.04,
        1.0,
        1.0,
        1.0,
        0.04
      ],
      "type": "repeat",
      "rep": 2,
      "repeats": 388
    },
    {
      "real": [
        22.015107799802593,
        24.140127681090743,
        883.4192803960543,
        1012.9929139386049,
        28.483487591245577,
        19.797543451895486,
        755.4701100333486,
        76.32025096097976
      ],
      "tails": [
        0.8,
        0.65,
        0.59,
        0.005,
        0.48,
        0.86,
        1.0,
        0.005
      ],
      "bonferroni8": [
        1.0,
        1.0,
        1.0,
        0.04,
        1.0,
        1.0,
        1.0,
        0.04
      ],
      "type": "repeat",
      "rep": 3,
      "repeats": 402
    },
    {
      "real": [
        27.65591004528521,
        19.54622753727474,
        880.0275061670235,
        1080.214534629161,
        37.99663293999763,
        25.500335121386687,
        785.794633755872,
        76.1403852847569
      ],
      "tails": [
        0.455,
        0.9,
        0.61,
        0.005,
        0.12,
        0.565,
        1.0,
        0.005
      ],
      "bonferroni8": [
        1.0,
        1.0,
        1.0,
        0.04,
        0.96,
        1.0,
        1.0,
        0.04
      ],
      "type": "repeat",
      "rep": 4,
      "repeats": 415
    },
    {
      "real": [
        24.441832797514017,
        18.677772726156153,
        903.2161133099783,
        1100.4994565580755,
        33.52732937982937,
        29.055096882933626,
        799.0809942650953,
        111.48286166025702
      ],
      "tails": [
        0.64,
        0.9,
        0.395,
        0.005,
        0.215,
        0.455,
        0.98,
        0.005
      ],
      "bonferroni8": [
        1.0,
        1.0,
        1.0,
        0.04,
        1.0,
        1.0,
        1.0,
        0.04
      ],
      "type": "repeat",
      "rep": 5,
      "repeats": 415
    },
    {
      "real": [
        27.076719372536388,
        27.73682716915894,
        857.6497054911658,
        1027.6786520736384,
        26.06122764715286,
        20.32881196948823,
        801.9096251201054,
        83.25549403871804
      ],
      "tails": [
        0.5,
        0.455,
        0.725,
        0.005,
        0.57,
        0.815,
        0.975,
        0.005
      ],
      "bonferroni8": [
        1.0,
        1.0,
        1.0,
        0.04,
        1.0,
        1.0,
        1.0,
        0.04
      ],
      "type": "repeat",
      "rep": 6,
      "repeats": 387
    },
    {
      "real": [
        32.020061985149,
        28.676865503663958,
        888.5957049490729,
        1067.4293650484833,
        22.476269584392085,
        27.726866632497348,
        810.4032889575763,
        122.2953130570388
      ],
      "tails": [
        0.32,
        0.4,
        0.49,
        0.005,
        0.75,
        0.475,
        0.89,
        0.005
      ],
      "bonferroni8": [
        1.0,
        1.0,
        1.0,
        0.04,
        1.0,
        1.0,
        1.0,
        0.04
      ],
      "type": "repeat",
      "rep": 7,
      "repeats": 414
    }
  ],
  "counts": {
    "real": 2,
    "real_null": 1998,
    "controls": 32,
    "control_null": 6368
  },
  "seed": 2026091711,
  "control_detection": {
    "baseline": 0,
    "alphabet": 8,
    "successor": 8,
    "repeat": 8
  }
}
