1 2 0.12938900000153808 1681 -4.616561611719006 -4.846422645887192
1 3 4.465079458001128 48749 -4.568796831938668 -4.811303318404068
2 2 0.13117262499872595 1681 -4.600380967827742 -4.869211720147463
2 3 4.484830458000943 48749 -4.566627886194987 -4.841942643786818
3 2 0.1287406249975902 1681 -4.628167216684083 -4.885515660688576
3 3 4.424023833002138 48749 -4.567398572496513 -4.8192363261937725
4 2 0.13027491699904203 1681 -4.596345508371396 -4.885647285315174
4 3 4.493472333997488 48749 -4.5522890242218805 -4.786758562539731
5 2 0.13041533299838193 1681 -4.590299997637338 -4.826702198024788
5 3 4.462489334000566 48749 -4.585506867709693 -4.805562316430191
6 2 0.13048341700050514 1681 -4.593588025958111 -4.805917653323378
6 3 4.47116570900107 48749 -4.560098666089092 -4.823250444933247
7 2 0.13061712499620626 1681 -4.591353598592285 -4.859242233254628
7 3 4.4732934159983415 48749 -4.553234622652797 -4.793217583955752
8 2 0.12974891700287117 1681 -4.541953079817896 -4.853297460250324
8 3 4.4321896670007845 48749 -4.561885440547418 -4.830147227834034
9 2 0.12918366600206355 1681 -4.6002286536123655 -4.8871188082083075
9 3 4.509583500002918 48749 -4.525541113257005 -4.832643327953623
