0 9 23 1 -1 -1032.9609398930493 -1023.7206435530677 3 -1 1
1 21 27 1 -1 -1023.7206435530677 -1017.9504981509137 2.9975439077902744 -1 1
2 22 5 0 11 -1017.9504981509137 -1009.2637215317533 2.9950898263768626 -1 1
3 21 9 0 2 -1009.2637215317533 -1030.1952158612805 2.9926377541135318 0.97830751811842653 0
4 7 5 1 -1 -1009.2637215317533 -977.03029583712987 2.9901876893553951 -1 1
5 14 24 1 -1 -977.03029583712987 -972.10668538335483 2.9877396304589139 -1 1
7 19 2 0 11 -972.10668538335483 -966.32915547117068 2.9828495236834867 -1 1
8 16 3 0 0 -966.32915547117068 -972.25748667985511 2.9804074725241856 0.61232981503705386 0
9 21 3 1 -1 -966.32915547117068 -998.96744410359963 2.9779674206658271 0.12329759883078692 0
10 3 11 0 11 -966.32915547117068 -961.78544144467583 2.9755293664715889 -1 1
11 22 17 0 8 -961.78544144467583 -967.02543836732582 2.9730933083059883 0.64752755129826678 0
12 2 23 0 8 -961.78544144467583 -962.72770572992681 2.9706592445348825 0.073372023785039417 1
13 12 23 1 -1 -962.72770572992681 -967.20921623443985 2.9682271735254648 0.90484788649943193 0
14 6 5 0 4 -962.72770572992681 -966.23191703990824 2.9657970936462674 0.83862375585731475 0
16 9 0 1 -1 -962.72770572992681 -967.15248635602552 2.9609429007593344 0.66917817332944229 0
17 16 1 1 -1 -962.72770572992681 -970.08626893621681 2.9585187844953351 0.77207308439220801 0
18 20 19 0 5 -962.72770572992681 -965.29423064756406 2.956096652849026 0.10313929859995111 1
19 19 18 0 9 -965.29423064756406 -953.00257619931335 2.9536765041956068 -1 1
20 24 6 1 -1 -953.00257619931335 -956.6456041442932 2.951258336911605 0.73253580194862955 0
21 6 20 1 -1 -953.00257619931335 -961.65553192320385 2.9488421493748795 0.78569206267669056 0
22 19 24 0 3 -953.00257619931335 -968.69898778172251 2.9464279399646158 0.71680604591525887 0
23 0 21 1 -1 -953.00257619931335 -952.62388250938398 2.9440157070613271 -1 1
24 15 22 1 -1 -952.62388250938398 -955.68210984965015 2.9416054490468526 0.45871736711963351 0
25 8 17 0 11 -952.62388250938398 -935.39810237234747 2.939197164304356 -1 1
26 24 25 1 -1 -935.39810237234747 -922.22459305614734 2.9367908512183236 -1 1
27 24 6 0 4 -922.22459305614734 -962.85768251187312 2.9343865081745664 0.85594259051666111 0
29 10 16 1 -1 -922.22459305614734 -933.20120356480641 2.9295837257637234 0.67878655134900956 0
30 12 18 1 -1 -922.22459305614734 -920.91903979934614 2.927185283174861 -1 1
31 21 0 1 -1 -920.91903979934614 -922.46727049764161 2.9247888041847179 0.17672534287055183 1
33 5 12 1 -1 -922.46727049764161 -923.97825025247823 2.9200017305715327 0.40793608488115568 1
34 24 8 1 -1 -923.97825025247823 -947.82458374365956 2.9176111327372518 0.13913699873559027 0
35 1 15 1 -1 -923.97825025247823 -918.97863965345061 2.9152224920792098 -1 1
36 2 17 1 -1 -918.97863965345061 -927.2562831651577 2.9128358069950724 0.018532464252619427 1
39 15 5 1 -1 -927.2562831651577 -944.05930632822674 2.9056874691824031 0.0030772812516511776 1
40 4 21 0 4 -944.05930632822674 -948.84986009539114 2.9033085903967506 0.40372697392888013 0
42 24 18 0 2 -944.05930632822674 -975.57788154374452 2.8985566739766191 0.64617457429548797 0
43 3 25 1 -1 -944.05930632822674 -936.64008378321046 2.896183633154485 -1 1
44 7 28 1 -1 -936.64008378321046 -946.08525226184543 2.8938125351347095 0.25423199405475588 0
46 7 11 1 -1 -936.64008378321046 -995.90723427514956 2.889076161141269 0.55693628932478167 0
47 28 9 1 -1 -936.64008378321046 -950.72242740176921 2.8867108819903744 0.90723755025148856 0
48 24 18 0 8 -936.64008378321046 -964.74891693564666 2.8843475392873783 0.36997943349457219 0
49 10 14 1 -1 -936.64008378321046 -927.08075118017814 2.8819861314469168 -1 1
50 12 26 0 7 -927.08075118017814 -923.60315339308488 2.8796266568849216 -1 1
51 5 24 0 2 -923.60315339308488 -926.31411954644113 2.877269114018624 0.35858422353857045 1
53 14 23 0 11 -926.31411954644113 -944.51517003608785 2.8725598170485167 0.2619684560646473 0
54 24 28 0 6 -926.31411954644113 -1017.103086174789 2.8702080597856421 0.75966741339557431 0
56 14 27 1 -1 -926.31411954644113 -934.8603296560392 2.8655103198162832 0.30343419123930115 0
57 5 4 0 0 -926.31411954644113 -922.3019911171441 2.8631643339584865 -1 1
58 5 17 1 -1 -922.3019911171441 -920.17205394745986 2.86082026875322 -1 1
59 10 19 0 5 -920.17205394745986 -914.49161014770095 2.8584781226280498 -1 1
60 5 7 0 11 -914.49161014770095 -915.30480263365052 2.8561378940118303 0.43167685914826776 1
61 10 18 1 -1 -915.30480263365052 -921.25335846976054 2.8537995813347021 0.3975521843340587 0
62 6 5 0 15 -915.30480263365052 -927.35624293198339 2.8514631830280903 0.9787179990196917 0
64 23 3 0 9 -915.30480263365052 -913.58894759029545 2.8467961232585397 -1 1
66 10 25 1 -1 -913.58894759029545 -926.58806516050413 2.8421367021802482 0.47672047154330188 0
67 28 17 1 -1 -913.58894759029545 -955.15202909934806 2.8398098522425146 0.041797173854234759 0
68 14 21 1 -1 -913.58894759029545 -913.43355587627809 2.8374849072907828 -1 1
69 1 23 0 10 -913.43355587627809 -916.11098999523051 2.8351618657654458 0.12192126561580835 1
71 2 19 0 6 -916.11098999523051 -905.32811980601934 2.8305214867619104 -1 1
72 9 2 1 -1 -905.32811980601934 -945.50258877334898 2.828204146170878 0.9609195937192152 0
73 15 2 1 -1 -905.32811980601934 -930.4660568606422 2.8258887027805697 0.27871198049725338 0
74 15 22 1 -1 -905.32811980601934 -896.50768311144134 2.8235751550377524 -1 1
76 20 26 1 -1 -896.50768311144134 -906.96242735148405 2.8189537402880149 0.16497302903423311 0
77 5 24 0 9 -896.50768311144134 -893.70873554144885 2.8166458701809822 -1 1
78 15 11 1 -1 -893.70873554144885 -895.15439838637269 2.8143398895212131 0.43203933224806434 1
79 27 24 1 -1 -895.15439838637269 -901.52721228855467 2.8120357967618217 0.73393634066673163 0
80 5 7 0 11 -895.15439838637269 -898.43097682844154 2.8097335903571894 0.30945010453223676 1
81 17 1 1 -1 -898.43097682844154 -938.06491447291 2.8074332687629622 0.097182450762035286 0
82 8 23 0 0 -898.43097682844154 -909.85620068757976 2.8051348304360508 0.60756704126979177 0
83 9 6 1 -1 -898.43097682844154 -907.09876909842808 2.8028382738346291 0.62979300282065342 0
84 4 22 1 -1 -898.43097682844154 -918.0250433279665 2.8005435974181339 0.43860974518645129 0
85 6 2 0 15 -898.43097682844154 -909.93281257108617 2.7982507996472621 0.3182254446767831 0
86 16 2 1 -1 -898.43097682844154 -949.99260458251115 2.7959598789839708 0.20848581350127141 0
87 0 10 1 -1 -898.43097682844154 -892.9554590691813 2.7936708338914782 -1 1
88 25 9 1 -1 -892.9554590691813 -896.79873625791856 2.7913836628342583 0.49191505589083129 0
90 19 23 0 11 -892.9554590691813 -896.33254059387491 2.7868149366898236 0.85321178951925969 0
91 23 1 0 13 -892.9554590691813 -903.26489547752021 2.7845333785378394 0.77336466910837642 0
93 4 0 1 -1 -892.9554590691813 -912.08442874200512 2.7799758644218255 0.91842412120253458 0
94 14 20 0 1 -892.9554590691813 -886.15706864596905 2.7776999054005485 -1 1
95 11 6 0 6 -886.15706864596905 -941.07811299919672 2.7754258097010114 0.6675161454390085 0
96 7 21 1 -1 -886.15706864596905 -1049.2786283961045 2.7731535757977186 0.30606295660702332 0
98 21 15 1 -1 -886.15706864596905 -853.88121193532834 2.7686146872841215 -1 1
100 24 27 0 6 -853.88121193532834 -946.56298317932351 2.7640832276807439 0.89275043781602992 0
101 12 5 1 -1 -853.88121193532834 -869.66833448681291 2.7618202799198972 0.97566255727627982 0
102 7 27 1 -1 -853.88121193532834 -899.79261863680392 2.7595591848285057 0.39697289338192138 0
103 0 4 1 -1 -853.88121193532834 -877.22440345247196 2.7572999408897942 0.69928551350502755 0
104 20 1 0 10 -853.88121193532834 -859.95691651179675 2.7550425465882284 0.46128412929839568 0
105 26 17 0 7 -853.88121193532834 -857.67938244461732 2.7527870004095156 0.20434191074254185 1
106 6 22 0 10 -857.67938244461732 -865.26871088973758 2.7505333008406021 0.50486085509472756 0
107 17 25 1 -1 -857.67938244461732 -860.72734868949237 2.7482814463696736 0.10524280941299322 1
108 7 25 1 -1 -860.72734868949237 -887.9454469463351 2.7460314354861528 0.81771830542786261 0
110 23 11 1 -1 -860.72734868949237 -862.34231418277955 2.7415369384452095 0.95666926044584788 0
112 2 23 1 -1 -860.72734868949237 -917.99208255385838 2.7370497976578725 0.31826225811468151 0
113 2 7 0 14 -860.72734868949237 -864.19308459229205 2.734808982095986 0.17239230176964754 1
114 24 5 0 4 -864.19308459229205 -869.68180504061888 2.7325700010839817 0.35936527607734248 0
116 11 13 0 10 -864.19308459229205 -874.21524325395023 2.728097536703082 0.57459512117518685 0
117 28 23 1 -1 -864.19308459229205 -877.86530464676503 2.7258640503339922 0.54866529228455496 0
118 1 20 0 13 -864.19308459229205 -868.71462711909885 2.7236323925143933 0.22174155377898624 0
119 17 20 1 -1 -864.19308459229205 -887.53499938281084 2.7214025617472561 0.050002935933684781 0
121 23 21 0 0 -864.19308459229205 -871.65478189210398 2.7169483753883794 0.50053662912197638 0
122 0 2 1 -1 -864.19308459229205 -876.75758859615019 2.7147240168087068 0.60861203474111547 0
123 4 14 1 -1 -864.19308459229205 -870.5452021716244 2.7125014793056268 0.8074998528036933 0
125 19 28 1 -1 -864.19308459229205 -880.03471926125508 2.7080618615668244 0.64983811602593422 0
126 3 14 1 -1 -864.19308459229205 -855.65497545790504 2.7058447783529411 -1 1
127 17 21 0 0 -855.65497545790504 -871.01029511982244 2.7036295102593275 0.39661088490080965 0
129 11 17 0 3 -855.65497545790504 -860.79615435938854 2.6992044134899906 0.80488486427017192 0
130 20 9 0 11 -855.65497545790504 -860.67046617725464 2.6969945818458472 0.3411942988706842 0
131 23 17 0 2 -855.65497545790504 -861.30862259384526 2.6947865593851321 0.17157471927236614 0
132 9 4 0 10 -855.65497545790504 -879.68694002092036 2.6925803446266725 0.76588152147000599 0
134 18 15 1 -1 -855.65497545790504 -855.92586454803586 2.6881733322978842 0.49838842731638233 1
135 19 12 0 14 -855.92586454803586 -865.161009805302 2.6859725317712679 0.61464306775595068 0
136 26 28 1 -1 -855.92586454803586 -860.78089656617749 2.6837735330343278 0.098218575715489961 1
137 21 7 1 -1 -860.78089656617749 -1032.7550147760828 2.6815763346119428 0.14350777266479853 0
138 20 11 1 -1 -860.78089656617749 -874.63198932634577 2.6793809350302009 0.85570386637951368 0
139 8 6 0 7 -860.78089656617749 -877.9884462646678 2.6771873328163958 0.21781200284602034 0
141 28 9 1 -1 -860.78089656617749 -879.88695483330662 2.6728055146077985 0.66429665078497457 0
142 10 11 1 -1 -860.78089656617749 -863.97066886138612 2.6706172956736181 0.8538799681446404 0
143 6 0 1 -1 -860.78089656617749 -884.18908735722232 2.6684308682285973 0.65254792353004687 0
144 17 27 1 -1 -860.78089656617749 -884.31417233895013 2.6662462308060482 0.92207806747968479 0
145 18 28 1 -1 -860.78089656617749 -884.17943845928323 2.6640633819404833 0.84156147558628558 0
146 16 24 0 11 -860.78089656617749 -873.3964165124969 2.6618823201676167 0.19818692486128148 0
148 2 28 1 -1 -860.78089656617749 -867.81789471401532 2.6575255520488223 0.082144208430517118 0
149 25 17 1 -1 -860.78089656617749 -867.00467733248979 2.6553498427803111 0.57046322924592718 0
150 5 10 0 10 -860.78089656617749 -873.77330556661104 2.6531759147593279 0.4363717229952131 0
151 23 8 1 -1 -860.78089656617749 -872.45380188497779 2.6510037665275705 0.53119376805801699 0
152 28 21 1 -1 -860.78089656617749 -929.61743169497186 2.6488333966279298 0.63304072821110946 0
154 13 12 1 -1 -860.78089656617749 -860.74517828810099 2.6444979860025275 -1 1
156 15 24 1 -1 -860.74517828810099 -864.93640914561695 2.6401696712500908 0.48442590690974313 0
157 20 7 1 -1 -860.74517828810099 -888.56766152173793 2.6380081711961205 0.78379247452930989 0
158 12 6 1 -1 -860.74517828810099 -872.3335786141796 2.6358484407566309 0.27472150835548559 0
160 6 2 1 -1 -860.74517828810099 -857.37816395291156 2.6315342829271673 -1 1
161 20 28 1 -1 -857.37816395291156 -873.28313887981608 2.6293798526431926 0.19365832194503046 0
162 23 28 0 1 -857.37816395291156 -860.55204400087769 2.6272271861856971 0.69529189471521446 0
163 12 22 1 -1 -857.37816395291156 -856.39328212432008 2.6250762821106401 -1 1
165 11 18 1 -1 -856.39328212432008 -867.3506802551268 2.6207797553375922 0.85518869188991797 0
166 24 23 0 9 -856.39328212432008 -856.64141147039516 2.6186341297574285 0.84708071408551422 1
167 6 11 1 -1 -856.64141147039516 -863.28632526645708 2.6164902607953557 0.32690591290141913 0
168 2 23 1 -1 -856.64141147039516 -869.70668115558112 2.6143481470132346 0.69034503391087199 0
169 8 13 1 -1 -856.64141147039516 -877.74164213202585 2.6122077869741043 0.97757159734464993 0
170 13 24 1 -1 -856.64141147039516 -856.64034991593564 2.6100691792421804 -1 1
172 2 7 1 -1 -856.64034991593564 -852.61102991887742 2.6057972149626876 -1 1
173 10 7 1 -1 -852.61102991887742 -871.49919342843521 2.6036638555494225 0.34012943669381634 0
175 28 3 1 -1 -852.61102991887742 -878.18439124110841 2.5994023750204107 0.63587492819980806 0
177 6 15 0 8 -852.61102991887742 -855.54366692847589 2.595147869361162 0.53014780042966669 0
178 19 9 0 4 -852.61102991887742 -865.60915760680587 2.593023228539487 0.21779766519592658 0
179 17 13 1 -1 -852.61102991887742 -863.75530693781388 2.5909003271557358 0.93157702564232148 0
180 8 16 1 -1 -852.61102991887742 -858.68578705467075 2.5887791637858348 0.62197611443123713 0
181 15 7 1 -1 -852.61102991887742 -863.6390779268072 2.5866597370068769 0.54084394128968072 0
183 1 4 0 6 -852.61102991887742 -874.28097715116735 2.5824260875359824 0.91889326740712984 0
184 14 9 1 -1 -852.61102991887742 -886.24405978521338 2.5803118620040522 0.99549355477491552 0
185 20 25 1 -1 -852.61102991887742 -861.3750173985585 2.5781993673830752 0.77759188560814163 0
186 4 12 1 -1 -852.61102991887742 -861.28422217661398 2.5760886022559588 0.017037218067732639 1
187 17 27 1 -1 -861.28422217661398 -882.39428154865936 2.5739795652067707 0.30069768175353445 0
188 25 14 1 -1 -861.28422217661398 -852.60307357343368 2.5718722548207382 -1 1
189 15 22 0 16 -852.60307357343368 -845.14854522978658 2.5697666696842463 -1 1
192 18 15 1 -1 -845.14854522978658 -862.54057440086626 2.5634602516532241 0.63123662611945375 0
193 0 8 0 16 -845.14854522978658 -865.79222093381509 2.5613615534018819 0.4730276927043589 0
194 16 26 0 11 -845.14854522978658 -861.78633788449315 2.5592645733493478 0.91927161913705291 0
195 1 3 0 9 -845.14854522978658 -831.86843856173164 2.5571693100889377 -1 1
196 8 0 0 10 -831.86843856173164 -857.8187975608754 2.5550757622151181 0.42173319318023966 0
198 3 26 1 -1 -831.86843856173164 -826.56693465936496 2.5508938070108691 -1 1
199 25 19 0 3 -826.56693465936496 -835.68564682516353 2.5488053968751236 0.50819149208746639 0
