10 full 5 0.060964667005464435 61 0.0
10 full 6 0.07181525000487454 54 0.0
10 full 7 0.09212583400221774 19 0.0
10 full 8 0.0954577500015148 6 0.0
10 prefix 5 0.057067792004090734 38 0.0
10 prefix 6 0.06754475000343518 25 0.0
10 prefix 7 0.08299808300216682 69 0.0
10 prefix 8 0.09630579199438216 114 0.0
11 full 5 0.058266874999389984 34 0.0
11 full 6 0.08191333300055703 0 0.0
11 full 7 0.09070133299974259 62 0.0
11 full 8 0.09474704100284725 22 0.0
11 prefix 5 0.05625279100058833 36 0.0
11 prefix 6 0.07074379199912073 36 0.0
11 prefix 7 0.08813450000161538 55 0.0
11 prefix 8 0.098076582995418 28 0.0
12 full 5 0.060812167001131456 48 0.0
12 full 6 0.07160529099928681 107 0.0
12 full 7 0.08883425000385614 21 0.0
12 full 8 0.09876241599704372 124 0.0
12 prefix 5 0.06678008400194813 21 0.0
12 prefix 6 0.07318004200351425 9 0.0
12 prefix 7 0.08367687499412568 21 0.0
12 prefix 8 0.09865599999466212 78 0.0
13 full 5 0.05732858300325461 9 0.0
13 full 6 0.07626645799609832 43 0.0
13 full 7 0.0865867079992313 142 0.0
13 full 8 0.09807908299990231 11 0.0
13 prefix 5 0.059823333998792805 42 0.0
13 prefix 6 0.07411099999444559 135 0.0
13 prefix 7 0.0923507920015254 94 0.0
13 prefix 8 0.09786370800429722 63 0.0
14 full 5 0.057220916998630855 6 0.0
14 full 6 0.0747673749938258 36 0.0
14 full 7 0.08617666699865367 79 0.0
14 full 8 0.09938062500441447 6 0.0
14 prefix 5 0.058717917003377806 21 0.0
14 prefix 6 0.06934958299825666 47 0.0
14 prefix 7 0.08872129199880874 45 2.2737367544323206e-13
14 prefix 8 0.11342020799929742 117 0.0
15 full 5 0.05904537499736762 32 0.0
15 full 6 0.07284608300687978 73 0.0
15 full 7 0.08427066700096475 22 0.0
15 full 8 0.09848562499973923 67 0.0
15 prefix 5 0.06003558299562428 25 2.2737367544323206e-13
15 prefix 6 0.07288145900383824 61 0.0
15 prefix 7 0.08708879200275987 104 0.0
15 prefix 8 0.10930229099903954 95 0.0
16 full 5 0.05782437499874504 3 0.0
16 full 6 0.07168699999601813 74 0.0
16 full 7 0.08569104200432776 98 0.0
16 full 8 0.10087733300315449 55 0.0
16 prefix 5 0.05623533300240524 14 0.0
16 prefix 6 0.07121258300321642 82 0.0
16 prefix 7 0.09094062499934807 181 0.0
16 prefix 8 0.10782725000171922 164 0.0
17 full 5 0.06187774999852991 78 0.0
17 full 6 0.07491087500238791 0 0.0
17 full 7 0.08432612499746028 9 0.0
17 full 8 0.09888449999561999 55 0.0
17 prefix 5 0.060043125005904585 16 0.0
17 prefix 6 0.07293208400369622 15 0.0
17 prefix 7 0.09409325000160607 19 0.0
17 prefix 8 0.09995108399743913 64 0.0
18 full 5 0.05630050000036135 44 0.0
18 full 6 0.07188199999654898 0 0.0
18 full 7 0.08771954099938739 192 0.0
18 full 8 0.10057437499926891 102 0.0
18 prefix 5 0.06023220899805892 24 0.0
18 prefix 6 0.07221229099377524 33 0.0
18 prefix 7 0.09718875000544358 11 0.0
18 prefix 8 0.1114884999988135 31 0.0
19 full 5 0.058231125003658235 22 0.0
19 full 6 0.07393862499884563 68 0.0
19 full 7 0.08609129099932034 56 0.0
19 full 8 0.10039479200349888 96 0.0
19 prefix 5 0.060737792002328206 6 0.0
19 prefix 6 0.07472354200581321 37 0.0
19 prefix 7 0.08810808300040662 35 0.0
19 prefix 8 0.10855029099911917 42 0.0
