[
  {
    "lane": "exploration/overnight-01/worker-a/r01rejection",
    "completed_rows": 360,
    "pages": [
      0,
      1,
      2,
      3,
      5,
      6,
      7,
      8,
      10,
      11,
      12,
      13,
      15,
      16,
      17,
      18,
      20,
      21,
      22,
      23,
      25,
      26,
      27,
      28,
      30,
      31,
      32,
      33,
      35,
      36,
      37,
      38,
      40,
      41,
      42,
      43,
      45,
      46,
      47,
      48,
      49,
      51,
      52,
      53,
      55
    ]
  },
  {
    "lane": "exploration/overnight-01/worker-a/r01zero-p55",
    "completed_rows": 16,
    "pages": [
      55
    ]
  },
  {
    "lane": "exploration/overnight-01/worker-a/r01rigid-p55",
    "completed_rows": 1366,
    "pages": [
      55
    ]
  },
  {
    "lane": "exploration/overnight-01/worker-a/r01f-p55",
    "completed_rows": 546,
    "pages": [
      55
    ]
  },
  {
    "lane": "exploration/overnight-01/worker-a/r01rigid",
    "completed_rows": 60104,
    "pages": [
      0,
      1,
      2,
      3,
      5,
      6,
      7,
      8,
      10,
      11,
      12,
      13,
      15,
      16,
      17,
      18,
      20,
      21,
      22,
      23,
      25,
      26,
      27,
      28,
      30,
      31,
      32,
      33,
      35,
      36,
      37,
      38,
      40,
      41,
      42,
      43,
      45,
      46,
      47,
      48,
      49,
      51,
      52,
      53
    ]
  },
  {
    "lane": "exploration/overnight-01/worker-a/r01widen",
    "completed_rows": 0,
    "pages": []
  },
  {
    "lane": "exploration/overnight-01/worker-a/r01zero",
    "completed_rows": 704,
    "pages": [
      0,
      1,
      2,
      3,
      5,
      6,
      7,
      8,
      10,
      11,
      12,
      13,
      15,
      16,
      17,
      18,
      20,
      21,
      22,
      23,
      25,
      26,
      27,
      28,
      30,
      31,
      32,
      33,
      35,
      36,
      37,
      38,
      40,
      41,
      42,
      43,
      45,
      46,
      47,
      48,
      49,
      51,
      52,
      53
    ]
  },
  {
    "lane": "exploration/overnight-01/worker-a/r01f",
    "completed_rows": 24024,
    "pages": [
      0,
      1,
      2,
      3,
      5,
      6,
      7,
      8,
      10,
      11,
      12,
      13,
      15,
      16,
      17,
      18,
      20,
      21,
      22,
      23,
      25,
      26,
      27,
      28,
      30,
      31,
      32,
      33,
      35,
      36,
      37,
      38,
      40,
      41,
      42,
      43,
      45,
      46,
      47,
      48,
      49,
      51,
      52,
      53
    ]
  },
  {
    "lane": "exploration/overnight-01/worker-a/r02/widen",
    "completed_rows": 0,
    "pages": []
  },
  {
    "lane": "exploration/overnight-01/worker-a/r02/ordinary",
    "completed_rows": 186056,
    "pages": [
      0,
      1,
      2,
      3,
      5,
      6,
      7,
      8,
      10,
      11,
      12,
      13,
      15,
      16,
      17,
      18,
      20,
      21,
      22,
      23,
      25,
      26,
      27,
      28,
      30,
      31,
      32,
      33,
      35,
      36,
      37,
      38,
      40,
      41,
      42,
      43,
      45,
      46,
      47,
      48,
      49,
      51,
      52,
      53,
      55
    ]
  },
  {
    "lane": "exploration/overnight-01/worker-a/r02/literal_f",
    "completed_rows": 512,
    "pages": [
      0,
      1,
      2,
      3,
      5,
      6,
      7,
      8,
      10,
      11,
      12,
      13,
      15,
      16,
      17,
      18,
      20,
      21,
      22,
      23,
      25,
      26,
      27,
      28,
      30,
      31,
      32,
      33,
      35,
      36,
      37,
      38,
      40,
      41,
      42,
      43,
      45,
      46,
      47,
      48,
      49,
      51,
      52,
      53,
      55
    ]
  },
  {
    "lane": "r03",
    "completed_rows": 138240,
    "pages": [
      0,
      1,
      2,
      3,
      5,
      6,
      7,
      8,
      10,
      11,
      12,
      13,
      15,
      16,
      17,
      18,
      20,
      21,
      22,
      23,
      25,
      26,
      27,
      28,
      30,
      31,
      32,
      33,
      35,
      36,
      37,
      38,
      40,
      41,
      42,
      43,
      45,
      46,
      47,
      48,
      49,
      51,
      52,
      53,
      55
    ]
  },
  {
    "lane": "r03-f",
    "completed_rows": 540,
    "pages": [
      0,
      1,
      2,
      3,
      5,
      6,
      7,
      8,
      10,
      11,
      12,
      13,
      15,
      16,
      17,
      18,
      20,
      21,
      22,
      23,
      25,
      26,
      27,
      28,
      30,
      31,
      32,
      33,
      35,
      36,
      37,
      38,
      40,
      41,
      42,
      43,
      45,
      46,
      47,
      48,
      49,
      51,
      52,
      53,
      55
    ]
  },
  {
    "lane": "r04",
    "completed_rows": 2880,
    "pages": [
      0,
      1,
      2,
      3,
      5,
      6,
      7,
      8,
      10,
      11,
      12,
      13,
      15,
      16,
      17,
      18,
      20,
      21,
      22,
      23,
      25,
      26,
      27,
      28,
      30,
      31,
      32,
      33,
      35,
      36,
      37,
      38,
      40,
      41,
      42,
      43,
      45,
      46,
      47,
      48,
      49,
      51,
      52,
      53,
      55
    ]
  },
  {
    "lane": "r04-wide",
    "completed_rows": 2614,
    "pages": [
      0,
      1,
      2,
      3,
      5,
      6,
      7,
      8,
      10,
      11,
      12,
      13,
      15,
      16,
      17,
      18,
      20,
      21,
      22,
      23,
      25,
      26,
      27,
      28,
      30,
      31,
      32,
      33,
      35,
      36,
      37,
      38,
      40,
      41,
      42,
      43,
      45,
      46,
      47,
      48,
      51,
      52,
      53
    ]
  },
  {
    "lane": "f-0-32-page55-scores.jsonl.gz",
    "completed_rows": 32,
    "pages": [
      55
    ]
  },
  {
    "lane": "rigid-0-375024-scores.jsonl.gz",
    "completed_rows": 375024,
    "pages": [
      0,
      1,
      2,
      3,
      5,
      6,
      7,
      8,
      10,
      11,
      12,
      13,
      15,
      16,
      17,
      18,
      20,
      21,
      22,
      23,
      25,
      26,
      27,
      28,
      30,
      31,
      32,
      33,
      35,
      36,
      37,
      38,
      40,
      41,
      42,
      43,
      45,
      46,
      47,
      48,
      49,
      51,
      52,
      53
    ]
  },
  {
    "lane": "rigid-0-13184-page55-scores.jsonl.gz",
    "completed_rows": 13184,
    "pages": [
      55
    ]
  },
  {
    "lane": "f-11000-12842-scores.jsonl.gz",
    "completed_rows": 1835,
    "pages": [
      3,
      5,
      6,
      7,
      8,
      10,
      11,
      12,
      13,
      15,
      16,
      17,
      18,
      20,
      21,
      22,
      23,
      25,
      26,
      27,
      28,
      30,
      31,
      32,
      33,
      35,
      36,
      37,
      38,
      40,
      41,
      42,
      43,
      45,
      46,
      47,
      48,
      49,
      51,
      52,
      53
    ]
  },
  {
    "lane": "f-0-11000-scores.jsonl.gz",
    "completed_rows": 10993,
    "pages": [
      0,
      1,
      2,
      3,
      49,
      51
    ]
  },
  {
    "lane": "pilot-0-8-scores.jsonl.gz",
    "completed_rows": 8,
    "pages": [
      49,
      51
    ]
  },
  {
    "lane": "r05",
    "completed_rows": 130680,
    "pages": [
      0,
      1,
      2,
      3,
      5,
      6,
      7,
      8,
      10,
      11,
      12,
      13,
      15,
      16,
      17,
      18,
      20,
      21,
      22,
      23,
      25,
      26,
      27,
      28,
      30,
      31,
      32,
      33,
      35,
      36,
      37,
      38,
      40,
      41,
      42,
      43,
      45,
      46,
      47,
      48,
      49,
      51,
      52,
      53,
      55
    ]
  },
  {
    "lane": "r06",
    "completed_rows": 369000,
    "pages": [
      0,
      1,
      2,
      3,
      5,
      6,
      7,
      8,
      10,
      11,
      12,
      13,
      15,
      16,
      17,
      18,
      20,
      21,
      22,
      23,
      25,
      26,
      27,
      28,
      30,
      31,
      32,
      33,
      35,
      36,
      37,
      38,
      40,
      41,
      42,
      43,
      45,
      46,
      47,
      48,
      49,
      51,
      52,
      53,
      55
    ]
  }
]
Hashed 4588 source/evidence files
