control08 0
control08 50
control08 100
control08 150
{"label": "control08", "ks": [2, 3, 4, 5, 6, 7, 8, 9, 10, 11, 12, 13, 14, 15, 16, 17, 18, 19, 20, 21, 22, 23, 24, 25, 26, 27, 28, 29, 30, 31, 32, 33, 34], "panels": 200, "seedbase": 2026108000, "rank": 0.005, "selected_k": 3, "actual_family_maximum": 13.154467393131288, "actual_collision_fractions": [0.03501204677675266, 0.06234699642207018, 0.034061444173803725, 0.03399112453970352, 0.034417142384379915, 0.033613180154020955, 0.03591238799601763, 0.033866118056654536, 0.034604488995423836, 0.03642163397448105, 0.03512396694214876, 0.035037878787878785, 0.03352856801338752, 0.03530388151174668, 0.034236804564907276, 0.03298761163929703, 0.034640274076893796, 0.03515248796147673, 0.03721833066081526, 0.03886331444759207, 0.034668149796069705, 0.03641999225106548, 0.03647201454839361, 0.036721380471380474, 0.035343035343035345, 0.034545454545454546, 0.038778877887788776, 0.039081582804103565, 0.03842264914054601, 0.03134796238244514, 0.03763658437879401, 0.03634085213032581, 0.0375896700143472], "actual_standardized": [0.5291340932390071, 13.154467393131288, -0.8992704270196553, -0.9048466941391755, -0.45373622029508776, -1.257380596739673, 0.7702343453413558, -1.0556862750695646, -0.468478354488882, 0.9883465229100348, 0.13793131194698058, -0.23042639044675906, -1.3828595664445775, 0.1642048939561125, -0.7895372328714609, -1.8253838588549567, -0.6705253026082088, -0.2046716058434163, 0.8792953951116597, 1.736258165680552, -0.846909220931564, 0.18653337001124254, 0.28301802738592097, 0.5523177371601098, -0.36262471481074493, -0.7501332030913697, 1.5112060083486891, 1.202967384122751, 1.1402359855761344, -2.60308239586606, 0.5133516663513376, -0.3754926598022359, 0.42725859080039535], "seconds": 0.819579667004291, "planted_k": 3, "planted_fraction": 0.06234699642207018, "planted_period_z": 13.154467393131288}
control09 0
control09 50
control09 100
control09 150
{"label": "control09", "ks": [2, 3, 4, 5, 6, 7, 8, 9, 10, 11, 12, 13, 14, 15, 16, 17, 18, 19, 20, 21, 22, 23, 24, 25, 26, 27, 28, 29, 30, 31, 32, 33, 34], "panels": 200, "seedbase": 2026109000, "rank": 0.005, "selected_k": 8, "actual_family_maximum": 12.245329324706107, "actual_collision_fractions": [0.036340130457777516, 0.033409704350009416, 0.03457216940363008, 0.03373147011613634, 0.03367254074625631, 0.03566468880191895, 0.06176219598919073, 0.03489476182940339, 0.03578121595118762, 0.035136164540087604, 0.03703512396694215, 0.03325534759358289, 0.03311020798469998, 0.03638917262512768, 0.03552747775287005, 0.03622875252088735, 0.036924248191853824, 0.03531300160513644, 0.03797788842940333, 0.034968130311614734, 0.03652206154987023, 0.034385896939170865, 0.038088502727823804, 0.03545875420875421, 0.03556187766714083, 0.038181818181818185, 0.03948609146628949, 0.03382999511480215, 0.03842264914054601, 0.03657262277951933, 0.03372453797382976, 0.03717627401837928, 0.03500717360114777], "actual_standardized": [2.621084589759308, -1.888816297476418, -0.1793352555482165, -1.2996339559635262, -1.338899568291525, 0.8462965782537831, 12.245329324706107, -0.19186208487693943, 0.5008168340010637, 0.014180437701126645, 1.2047128852406934, -1.4635317554420628, -1.5128138058752583, 0.5311049106621876, -0.020497540147914217, 0.1592528456357121, 0.7899404507024003, 0.023766785644464532, 1.4504901698972812, -0.36778316042942893, 0.46968520823130794, -0.8256865130534805, 1.2114638397039195, -0.15513770381942443, -0.21329560758841437, 0.9566770203033038, 1.3662997737701466, -1.0284707710101653, 1.2184919625823483, -0.056844709261215785, -1.453811070015995, 0.35873568346265916, -0.6361603793229774], "seconds": 0.8123100829980103, "planted_k": 8, "planted_fraction": 0.06176219598919073, "planted_period_z": 12.245329324706107}
control10 0
control10 50
control10 100
control10 150
{"label": "control10", "ks": [2, 3, 4, 5, 6, 7, 8, 9, 10, 11, 12, 13, 14, 15, 16, 17, 18, 19, 20, 21, 22, 23, 24, 25, 26, 27, 28, 29, 30, 31, 32, 33, 34], "panels": 200, "seedbase": 2026110000, "rank": 0.005, "selected_k": 17, "actual_family_maximum": 10.12900333911397, "actual_collision_fractions": [0.034753481812305344, 0.03441403552821543, 0.035868625756266204, 0.03502974223397224, 0.034141363999889686, 0.03654841560409039, 0.03772578580571754, 0.03382655483462573, 0.035694050991501414, 0.033850695105694155, 0.034865702479338845, 0.03542780748663102, 0.036218025340664595, 0.0351123595505618, 0.037089871611982884, 0.06050129645635264, 0.03517320137038447, 0.035955056179775284, 0.036458772892227195, 0.034968130311614734, 0.03828327771598072, 0.036710577295621855, 0.036775106082036775, 0.03745791245791246, 0.033264033264033266, 0.03579545454545455, 0.040429042904290426, 0.031021006350757205, 0.03627401415571284, 0.04009926854754441, 0.03736678807500337, 0.04093567251461988, 0.03744619799139168], "actual_standardized": [-0.07748855367927177, -0.4425880391824079, 1.2984501903927925, 0.06963151431961234, -0.947024394129551, 1.273488651861798, 2.0720618118947796, -1.1886485072698405, 0.2480833564148399, -1.2321654016144796, -0.4337191385279636, -0.14956290079918363, 0.4141185623617718, -0.36223748454147997, 0.7236783581585575, 10.12900333911397, -0.5063696835418272, -0.08228876601688741, 0.15751033695506209, -0.8285021135565164, 1.1415735949277808, 0.1848207908446708, 0.2179284231626978, 0.34238104732849234, -1.7974309991271917, -0.5000816869046834, 1.797554857579406, -3.144465884586333, -0.2773713760852514, 1.2909479037698193, 0.15344869841330935, 1.6235229958233974, -0.09815749143160246], "seconds": 0.8348766250055633, "planted_k": 17, "planted_fraction": 0.06050129645635264, "planted_period_z": 10.12900333911397}
control11 0
control11 50
control11 100
control11 150
{"label": "control11", "ks": [2, 3, 4, 5, 6, 7, 8, 9, 10, 11, 12, 13, 14, 15, 16, 17, 18, 19, 20, 21, 22, 23, 24, 25, 26, 27, 28, 29, 30, 31, 32, 33, 34], "panels": 200, "seedbase": 2026111000, "rank": 0.005, "selected_k": 34, "actual_family_maximum": 9.90589836841036, "actual_collision_fractions": [0.03413057530704589, 0.03496327914129684, 0.03457216940363008, 0.032480407893494476, 0.03358980723090924, 0.034907208685772, 0.03285450149338643, 0.03362873872448172, 0.03604271083024624, 0.03346981527328128, 0.035743801652892565, 0.035093582887700536, 0.0350227109729859, 0.03351634320735444, 0.03661436043747028, 0.03507634687409968, 0.037228778073848494, 0.03378812199036918, 0.031732635665457, 0.03337464589235128, 0.03235076010381906, 0.03738860906625339, 0.03475449585774904, 0.03651094276094276, 0.033592296750191486, 0.03625, 0.03170674210278171, 0.03553981436248168, 0.037917087967644085, 0.034482758620689655, 0.036017806556050184, 0.03759398496240601, 0.06700143472022956], "actual_standardized": [-0.6882124755911582, 0.27530954137909863, -0.16914998306453413, -2.6836176397694396, -1.0496834941615982, 0.29640599696639097, -1.803203256956493, -1.0047658820602345, 0.9616445770104562, -1.0347114638817323, 0.7498898531539763, 0.07709814836153524, 0.07561457773419922, -0.8691850855081042, 1.024249325541124, 0.04633507532250931, 1.436650695469637, -0.9106242033232175, -1.9348075143304682, -0.7525812630733502, -1.478955248898359, 1.274381003399514, -0.22198900590551013, 0.8126771378507148, -0.8136567682778123, 0.5779131841661532, -1.9137792409408487, 0.2391384029343553, 0.9862811102407827, -0.514683571832274, 0.29970064303332294, 0.9001147960348055, 9.90589836841036], "seconds": 0.8246986250014743, "planted_k": 34, "planted_fraction": 0.06700143472022956, "planted_period_z": 9.90589836841036}
control12 0
control12 50
control12 100
control12 150
{"label": "control12", "ks": [2, 3, 4, 5, 6, 7, 8, 9, 10, 11, 12, 13, 14, 15, 16, 17, 18, 19, 20, 21, 22, 23, 24, 25, 26, 27, 28, 29, 30, 31, 32, 33, 34], "panels": 200, "seedbase": 2026112000, "rank": 0.005, "selected_k": 3, "actual_family_maximum": 13.112539897861845, "actual_collision_fractions": [0.03396603396603397, 0.06109158244931266, 0.03602577198082816, 0.03451043338683788, 0.03425167535368578, 0.03686403231915162, 0.035521262978239224, 0.03631903782244026, 0.033514926999346266, 0.03523138449819082, 0.03347107438016529, 0.03676470588235294, 0.03508247669136983, 0.03779366700715015, 0.033829223558182187, 0.03435609334485739, 0.03380281690140845, 0.03451043338683788, 0.03730272596843615, 0.035322237960339946, 0.034297367445309604, 0.03641999225106548, 0.033946251768033946, 0.034827441077441075, 0.03665608928766823, 0.03977272727272727, 0.03595002357378595, 0.03431851489985344, 0.03703235591506572, 0.034352142110762804, 0.03507351949278295, 0.03439153439153439, 0.03400286944045911], "actual_standardized": [-0.9121301067475006, 13.112539897861845, 1.4800473322238727, -0.22023783954557766, -0.6027825395311319, 1.691776645448603, 0.6913239389608351, 0.9652213659342987, -1.2978023875990237, 0.06748295042139381, -1.4397091555803592, 1.0614110523789395, -0.3246819399592808, 1.4915716442679525, -1.150680279254211, -0.6668133475273086, -0.9428644441344041, -0.5590209269349096, 1.002485498564656, 0.06100363802020679, -0.7831603879489567, 0.4893885708997339, -0.8405452659475378, -0.4203754204320529, 0.46031666485863937, 2.1486304624217576, 0.25274637005969747, -0.6055377168211361, 0.6654905227640072, -0.6503216827806041, -0.2223357789970918, -0.6879575884421699, -0.6518012649463087], "seconds": 0.8252883340028347, "planted_k": 3, "planted_fraction": 0.06109158244931266, "planted_period_z": 13.112539897861845}
control13 0
control13 50
control13 100
control13 150
{"label": "control13", "ks": [2, 3, 4, 5, 6, 7, 8, 9, 10, 11, 12, 13, 14, 15, 16, 17, 18, 19, 20, 21, 22, 23, 24, 25, 26, 27, 28, 29, 30, 31, 32, 33, 34], "panels": 200, "seedbase": 2026113000, "rank": 0.005, "selected_k": 8, "actual_family_maximum": 12.142069786868635, "actual_collision_fractions": [0.03380149262502204, 0.035386981357102505, 0.03439537990099788, 0.03505334718156926, 0.037450704613772375, 0.034938770357278125, 0.06094438913383587, 0.03655641715461307, 0.03578121595118762, 0.03423157493810703, 0.03424586776859504, 0.03537210338680927, 0.03663638536935214, 0.0351123595505618, 0.03518782691393248, 0.035868625756266204, 0.03547773125237914, 0.037881219903691817, 0.03941260865895856, 0.03886331444759207, 0.03939562476826103, 0.03796977915536614, 0.03667407557082239, 0.038930976430976434, 0.0370937739358792, 0.03579545454545455, 0.03595002357378595, 0.03480703468490474, 0.035136501516683516, 0.03487460815047022, 0.0383110751382706, 0.0378724589250905, 0.04002869440459111], "actual_standardized": [-1.335131868518535, 0.7245848164677393, -0.5538138295671858, 0.10301754803936941, 2.2249100994295197, -0.36671368006378685, 12.142069786868635, 0.9836612750911105, 0.1316388215269456, -1.0974103291045574, -1.0191032948383145, -0.2324834920943723, 0.49064038996191245, -0.5360405885109805, -0.5456574695747752, -0.16563041989229918, -0.439005891238658, 0.7653683678273412, 1.8033847685091775, 1.4101140955928972, 1.342160752523272, 0.7053820297426026, -0.3652670196855144, 1.0345338830795658, 0.08868597521268323, -0.449393680682352, -0.6311040012456747, -1.2627183509377313, -0.9116860894748531, -1.2689270842616585, 0.2866148651520453, 0.20299542804651888, 1.0816948783954972], "seconds": 0.817779208002321, "planted_k": 8, "planted_fraction": 0.06094438913383587, "planted_period_z": 12.142069786868635}
control14 0
control14 50
control14 100
control14 150
{"label": "control14", "ks": [2, 3, 4, 5, 6, 7, 8, 9, 10, 11, 12, 13, 14, 15, 16, 17, 18, 19, 20, 21, 22, 23, 24, 25, 26, 27, 28, 29, 30, 31, 32, 33, 34], "panels": 200, "seedbase": 2026114000, "rank": 0.005, "selected_k": 17, "actual_family_maximum": 9.989409494923999, "actual_collision_fractions": [0.035164835164835165, 0.03537128868244303, 0.034061444173803725, 0.03618638466622604, 0.034555031576625025, 0.03247695997980053, 0.036979092589958754, 0.03481563538534578, 0.03477881891479625, 0.03632641401637783, 0.03491735537190083, 0.0365975935828877, 0.03328950513985178, 0.03428243105209397, 0.03410094422933225, 0.06006914433880726, 0.033574419489912445, 0.034269662921348316, 0.03713393535319436, 0.039925637393767706, 0.03550241008527994, 0.036129407206509104, 0.0335421297231764, 0.03766835016835017, 0.03731261625998468, 0.039886363636363636, 0.03583215464403583, 0.03529555446995603, 0.03602123356926188, 0.03513584117032393, 0.03520841764467827, 0.03592314118629908, 0.034863701578192255], "actual_standardized": [0.7926613837319102, 0.895124315913156, -1.0022219014193265, 1.3454996063800193, -0.5397796087017076, -2.3519357730121833, 1.5760597545938895, -0.42342582934209255, -0.4915456023284978, 0.7763555495793035, -0.42454489860223826, 0.6484249376080361, -1.636053171335944, -0.8923023132901456, -1.074562365686199, 9.989409494923999, -1.2078091555598194, -1.007556341670394, 0.6888856089814898, 2.2734233182999892, -0.20313719449737921, 0.11689594516000437, -1.432174113822589, 0.8053211641042548, 0.504599027070913, 1.2073022147625287, -0.3703296726168869, -0.44989594226436497, -0.2758047767108878, -0.7725511279202028, -0.6781366820645682, -0.3120247184940977, -0.6613440122494327], "seconds": 0.8176698750030482, "planted_k": 17, "planted_fraction": 0.06006914433880726, "planted_period_z": 9.989409494923999}
control15 0
control15 50
control15 100
control15 150
{"label": "control15", "ks": [2, 3, 4, 5, 6, 7, 8, 9, 10, 11, 12, 13, 14, 15, 16, 17, 18, 19, 20, 21, 22, 23, 24, 25, 26, 27, 28, 29, 30, 31, 32, 33, 34], "panels": 200, "seedbase": 2026115000, "rank": 0.005, "selected_k": 34, "actual_family_maximum": 7.929500307258119, "actual_collision_fractions": [0.03442439913028148, 0.035998995668821795, 0.03313821010450224, 0.03474648286280804, 0.03549267808389178, 0.035412195429869966, 0.034916797041672595, 0.03651685393258427, 0.03857049466114622, 0.0356598743096553, 0.036208677685950416, 0.03464795008912656, 0.03562036815682525, 0.03670837589376915, 0.03722573194755791, 0.03622875252088735, 0.03562999619337647, 0.03739967897271268, 0.040762933580892904, 0.03594192634560907, 0.0389321468298109, 0.037582332429290974, 0.03647201454839361, 0.03609006734006734, 0.037422037422037424, 0.040568181818181816, 0.03748231966053748, 0.03786028334147533, 0.04019211324570273, 0.032915360501567396, 0.03466882503709699, 0.03842940685045948, 0.05982783357245337], "actual_standardized": [-0.3445064703229192, 1.6866168125648828, -1.9932821597566344, -0.2725570962903007, 0.5331714438007127, 0.3129978413887935, -0.07073509630759772, 1.0713493898775408, 2.7570291453050877, 0.28055493154570227, 0.6013869191186831, -0.6600527208025323, -0.05615147220979363, 0.667901658081488, 1.0304411901742392, 0.084468149896215, -0.10838557343439197, 0.6826178317387631, 2.596698718037875, -0.2354600790540403, 1.6758575190519658, 0.5751250873537497, 0.1182509259060847, -0.18798704405371355, 0.5248156249053227, 2.0902569742782053, 0.3940829591693498, 0.4058376196247473, 1.556479905229397, -2.2812834075587225, -1.2485773210653328, 0.44922482854991846, 7.929500307258119], "seconds": 0.8250742080053897, "planted_k": 34, "planted_fraction": 0.05982783357245337, "planted_period_z": 7.929500307258119}
control16 0
control16 50
control16 100
control16 150
{"label": "control16", "ks": [2, 3, 4, 5, 6, 7, 8, 9, 10, 11, 12, 13, 14, 15, 16, 17, 18, 19, 20, 21, 22, 23, 24, 25, 26, 27, 28, 29, 30, 31, 32, 33, 34], "panels": 200, "seedbase": 2026116000, "rank": 0.51, "selected_k": 13, "actual_family_maximum": 2.0978156688333374, "actual_collision_fractions": [0.03384850443673973, 0.03380202121649614, 0.03425787695450617, 0.034203569068076665, 0.03546510024544276, 0.033613180154020955, 0.035521262978239224, 0.033707865168539325, 0.035519721072129, 0.034469624833365076, 0.03507231404958678, 0.036931818181818184, 0.03346880229500358, 0.034601634320735444, 0.03158752802119421, 0.0336358398156151, 0.031366577845451084, 0.03635634028892456, 0.03308296058739134, 0.034879603399433426, 0.03689284390063033, 0.033611003487020535, 0.03495655688017781, 0.03293350168350168, 0.03435824488456067, 0.030568181818181817, 0.03323903818953324, 0.03224230581338544, 0.03387259858442872, 0.03565830721003135, 0.03197086199919061, 0.034530771372876634, 0.030703012912482067], "actual_standardized": [-0.9233863147737672, -0.8643776269128379, -0.07068088550358194, -0.13681649380860406, 1.1176156867735028, -0.47196116619448186, 1.178007586339646, -0.39844678421910484, 1.071431420611289, 0.2952320515584861, 0.715800655246235, 2.0978156688333374, -0.5468006161814023, 0.4061294690580699, -1.4691953409513998, -0.17336111442713564, -1.6429860033303096, 1.514032062276754, -0.33291206595598705, 0.41481905827122245, 1.954123269091641, -0.23764481929247483, 0.7557449090894872, -0.5089860027422579, 0.38794667643793834, -1.742360270416068, -0.2521211659615548, -0.6305351323022852, 0.029138730132252773, 0.9078661660282918, -0.8018811393895657, 0.3307817244215397, -1.3524391895770662], "seconds": 0.8217632500018226, "planted_k": 3, "planted_fraction": 0.03380202121649614, "planted_period_z": -0.8643776269128379}
control17 0
control17 50
control17 100
control17 150
{"label": "control17", "ks": [2, 3, 4, 5, 6, 7, 8, 9, 10, 11, 12, 13, 14, 15, 16, 17, 18, 19, 20, 21, 22, 23, 24, 25, 26, 27, 28, 29, 30, 31, 32, 33, 34], "panels": 200, "seedbase": 2026117000, "rank": 0.98, "selected_k": 6, "actual_family_maximum": 1.2174578415709991, "actual_collision_fractions": [0.03464770523594053, 0.033707865168539325, 0.03402215761766324, 0.03469927296761401, 0.03535478889164667, 0.03544375710137609, 0.03441900156450007, 0.03347048583636651, 0.03347134451950316, 0.03266044562940392, 0.0321797520661157, 0.03542780748663102, 0.03346880229500358, 0.03140960163432074, 0.034780245907207394, 0.034500144050705846, 0.032965359725923106, 0.03467094703049759, 0.033589332433116716, 0.03603045325779037, 0.03309232480533927, 0.035257652072839984, 0.03495655688017781, 0.032617845117845115, 0.033045190939927784, 0.0325, 0.03583215464403583, 0.03578407425500733, 0.032355915065722954, 0.033176593521421105, 0.029812491568865507, 0.031746031746031744, 0.034289813486370155], "actual_standardized": [0.2910482581493884, -0.8917107454529194, -0.295902401249355, 0.5369995686231483, 1.2174578415709991, 1.1371410725337396, 0.31842634816662246, -0.7194809315197266, -0.6570782772547751, -1.2377432620311368, -1.68773876227103, 0.9868822305351796, -0.6074907013318006, -1.997465956861879, 0.4100856418267957, 0.09618038057454555, -0.6970909587632738, 0.38224867351437897, -0.25021247064657726, 1.0927426678692307, -0.5489513592454034, 0.7626558426620419, 0.6922852416005388, -0.568924029401623, -0.3800444231724326, -0.7360668475738658, 1.1269030195084624, 1.0984996101010833, -0.6837909205371921, -0.1711576981760914, -1.7705788999100238, -0.9573768030345233, 0.32494437547005484], "seconds": 0.8113617079943651, "planted_k": 8, "planted_fraction": 0.03441900156450007, "planted_period_z": 0.31842634816662246}
control18 0
control18 50
control18 100
control18 150
{"label": "control18", "ks": [2, 3, 4, 5, 6, 7, 8, 9, 10, 11, 12, 13, 14, 15, 16, 17, 18, 19, 20, 21, 22, 23, 24, 25, 26, 27, 28, 29, 30, 31, 32, 33, 34], "panels": 200, "seedbase": 2026118000, "rank": 0.655, "selected_k": 22, "actual_family_maximum": 1.9264743219615068, "actual_collision_fractions": [0.033566433566433566, 0.03485343041868056, 0.032863204211518816, 0.034416013596449815, 0.03449987589972698, 0.03481252367125363, 0.033458967429953065, 0.03457825605317297, 0.033907169317934194, 0.03413635498000381, 0.0362603305785124, 0.035650623885918005, 0.036098493903896724, 0.034346271705822266, 0.03355750288703213, 0.035004321521175455, 0.03235629996193377, 0.032825040128410914, 0.0339269136636003, 0.032312322946175635, 0.03735632183908046, 0.031286323130569546, 0.033744190745605175, 0.034617003367003366, 0.03173213699529489, 0.03420454545454545, 0.032413955681282414, 0.0315095261358085, 0.03564206268958544, 0.03683385579937304, 0.033050047214353166, 0.03216374269005848, 0.035868005738880916], "actual_standardized": [-1.4833728526613108, 0.6225474560397471, -1.7888380602351572, 0.05185170240974485, 0.23644649214792438, 0.4142316679711943, -0.8672976695289347, 0.247763267144374, -0.28712125021792295, -0.1779008014267284, 1.384444819179315, 1.151344970362889, 1.2068851508243112, 0.06185099042101977, -0.3402809675430652, 0.7226538828117055, -1.1160127102468163, -0.8894001621156776, -0.16510481039445674, -1.1633646423924229, 1.9264743219615068, -1.6646234372073958, -0.07748365092374272, 0.2500599601001966, -1.0813759368946911, 0.27752756433411657, -0.8415956923595578, -1.2579510629057788, 1.0377727493780695, 1.3655248003811733, -0.4089331281102785, -0.7116039551874632, 1.001826175113639], "seconds": 0.8269802499999059, "planted_k": 17, "planted_fraction": 0.035004321521175455, "planted_period_z": 0.7226538828117055}
control19 0
control19 50
control19 100
control19 150
{"label": "control19", "ks": [2, 3, 4, 5, 6, 7, 8, 9, 10, 11, 12, 13, 14, 15, 16, 17, 18, 19, 20, 21, 22, 23, 24, 25, 26, 27, 28, 29, 30, 31, 32, 33, 34], "panels": 200, "seedbase": 2026119000, "rank": 0.375, "selected_k": 3, "actual_family_maximum": 2.277579955543378, "actual_collision_fractions": [0.03455368161250514, 0.03632854183667064, 0.03598648542468767, 0.03576149560947975, 0.03521689969940156, 0.03588562050246181, 0.03221447873702176, 0.03390568127868333, 0.03652211810852037, 0.035755094267758525, 0.03295454545454545, 0.03414661319073084, 0.03496294525460196, 0.03102655771195097, 0.03559540792065757, 0.03334773840391818, 0.035249333840883135, 0.03563402889245586, 0.03806228373702422, 0.03771246458923513, 0.03596588802373007, 0.03554823711739636, 0.03404728227924833, 0.03640572390572391, 0.03392056023634971, 0.03409090909090909, 0.032296086751532296, 0.037371763556424034, 0.0346309403437816, 0.03787878787878788, 0.03291514906245784, 0.037037037037037035, 0.03414634146341464], "actual_standardized": [0.10685581962407396, 2.277579955543378, 1.7498767466235676, 1.5094611988015216, 0.8358869939758009, 1.428732872638527, -2.062706048489429, -0.29752530124319987, 1.633946721366266, 0.9882307273163211, -1.138579754228444, -0.4219701460860069, 0.4394015518668563, -2.2902686264839325, 0.6413748124623998, -0.7307629628496359, 0.47295385396524225, 0.8217962562000272, 2.174092629673412, 1.9707219473274868, 0.9838026523571518, 0.6251567383282187, -0.31208733943272327, 1.0446831531099714, -0.25854120815445275, -0.3179092306427152, -1.1963977882719117, 1.2958420225885299, 0.011984953122741457, 1.3934728985606442, -0.6641094394949716, 1.3629154806301043, -0.0038869308909933735], "seconds": 0.8302634170031524, "planted_k": 34, "planted_fraction": 0.03414634146341464, "planted_period_z": -0.0038869308909933735}
