control00 0
control00 50
control00 100
control00 150
{"label": "control00", "ks": [2, 3, 4, 5, 6, 7, 8, 9, 10, 11, 12, 13, 14, 15, 16, 17, 18, 19, 20, 21, 22, 23, 24, 25, 26, 27, 28, 29, 30, 31, 32, 33, 34], "panels": 200, "seedbase": 2026100000, "rank": 0.005, "selected_k": 3, "actual_family_maximum": 12.851316490725113, "actual_collision_fractions": [0.034694717047658225, 0.05956939300734417, 0.034159660564154946, 0.0345340383344349, 0.03461018725352307, 0.034623153642216895, 0.0340634333665197, 0.03560689982592182, 0.03360209195903247, 0.03489811464482956, 0.03481404958677686, 0.0338680926916221, 0.03627779105904853, 0.0340270684371808, 0.03559540792065757, 0.035868625756266204, 0.03517320137038447, 0.034430176565008026, 0.03485526204743016, 0.03549929178470255, 0.034297367445309604, 0.03767919411080976, 0.03748231966053748, 0.039036195286195285, 0.03589014115329905, 0.03590909090909091, 0.03783592644978784, 0.0361504640937958, 0.03210313447927199, 0.03905433646812957, 0.03655739916363146, 0.036758563074352546, 0.03859397417503587], "actual_standardized": [-0.018112949262610433, 12.851316490725113, -0.5629739525376019, -0.2197963302870974, -0.27393865533724115, -0.2446105528333224, -0.6931767330026701, 0.3378824229880081, -1.1593840701619944, -0.185344468665781, -0.29871939894615407, -0.9875019671025563, 0.6305073896084146, -0.7997460721386794, 0.022443910766040808, -0.021301411770589022, -0.26704912080420384, -0.7260836568724779, -0.5935462408747535, -4.680781808622708e-14, -0.6974251667731296, 0.9594542426529329, 0.8114521586950747, 1.5521470626571832, -0.06319951137668005, 0.0542984267247055, 0.7477592572240899, 0.10590592598048286, -1.793792764933265, 1.5930494254371923, -0.0038487927300606766, 0.20548218341593683, 0.9334016824320288], "seconds": 0.8307206250028685, "planted_k": 3, "planted_fraction": 0.05956939300734417, "planted_period_z": 12.851316490725113}
control01 0
control01 50
control01 100
control01 150
{"label": "control01", "ks": [2, 3, 4, 5, 6, 7, 8, 9, 10, 11, 12, 13, 14, 15, 16, 17, 18, 19, 20, 21, 22, 23, 24, 25, 26, 27, 28, 29, 30, 31, 32, 33, 34], "panels": 200, "seedbase": 2026101000, "rank": 0.005, "selected_k": 8, "actual_family_maximum": 11.638219396032163, "actual_collision_fractions": [0.03550567079978845, 0.03541836670642144, 0.034513239569419346, 0.034416013596449815, 0.034692920768870136, 0.034623153642216895, 0.05913099132413597, 0.03394524450071214, 0.03355850947918937, 0.03527899447724243, 0.036208677685950416, 0.03570632798573975, 0.03848912263925412, 0.0361976506639428, 0.03314992188030704, 0.03939786804955344, 0.03547773125237914, 0.03467094703049759, 0.034517680816946575, 0.032046742209631725, 0.03819058212829069, 0.035935683843471525, 0.039199838351182056, 0.03545875420875421, 0.036546668125615495, 0.040795454545454544, 0.03712871287128713, 0.03529555446995603, 0.038549039433771484, 0.04036050156739812, 0.04019964926480507, 0.040796435533277636, 0.03629842180774749], "actual_standardized": [1.3076401221546277, 0.7996836711589025, -0.31679883259891733, -0.582361801827853, -0.2820017402108213, -0.4181230815851727, 11.638219396032163, -1.1454279022484446, -1.511813046918113, -0.10110080902043936, 0.5580844679314567, 0.10620176391614126, 1.9423021588618516, 0.4195703083149243, -1.9067065052225247, 2.2557104851005674, -0.5391797865243582, -0.6599534026398401, -0.7791962975663445, -2.4904259127366015, 1.0247505906307293, -0.08459476580263287, 1.2992982275557499, -0.7130206337255051, 0.17727964195825732, 1.9084337517967835, 0.3605615782930565, -0.7949152935625173, 0.8762485725837952, 1.6708363635125514, 1.480468678353689, 1.7713235666059814, -0.3494935499689147], "seconds": 0.8214754169966909, "planted_k": 8, "planted_fraction": 0.05913099132413597, "planted_period_z": 11.638219396032163}
control02 0
control02 50
control02 100
control02 150
{"label": "control02", "ks": [2, 3, 4, 5, 6, 7, 8, 9, 10, 11, 12, 13, 14, 15, 16, 17, 18, 19, 20, 21, 22, 23, 24, 25, 26, 27, 28, 29, 30, 31, 32, 33, 34], "panels": 200, "seedbase": 2026102000, "rank": 0.005, "selected_k": 17, "actual_family_maximum": 8.977914958338454, "actual_collision_fractions": [0.03537638831756479, 0.035245747285167286, 0.034198947120295434, 0.03375507506373336, 0.03554783376078983, 0.034875647014265876, 0.03601905845541175, 0.03453869283114417, 0.039529309217694486, 0.03899257284326795, 0.03605371900826446, 0.034369429590017826, 0.03765240258187903, 0.03638917262512768, 0.03539161741729502, 0.05798040910400461, 0.03616292348686715, 0.03651685393258427, 0.03595240104650181, 0.03549929178470255, 0.03781979977753059, 0.0372917473847346, 0.03576480096989291, 0.0382996632996633, 0.03785972207024839, 0.04170454545454545, 0.03665723715228666, 0.041402051783097214, 0.037285136501516686, 0.03565830721003135, 0.03507351949278295, 0.03634085213032581, 0.03988522238163558], "actual_standardized": [0.9836693458028528, 0.44294849555547666, -0.9603617663168609, -1.4057156842403387, 0.13710999979082425, -0.502734869627506, 0.6670743402531126, -0.9195867042957198, 2.824719870517934, 2.16331008452182, 0.23043672629223488, -1.1239703898242699, 1.0328307435563169, -0.04704724854458944, -0.523785572427148, 8.977914958338454, -0.13476306926866363, 0.13361421046476912, -0.5747022585101346, -0.7830511328116752, 0.35694687901991784, 0.052916177265229805, -0.7454978595061269, 0.48040323654372563, 0.23952874380278938, 1.5919998653830771, -0.7395418286294069, 1.6614714344403232, -0.46509596763854927, -0.8267108582280355, -1.2664473662138114, -0.8045091009888892, 0.6731940718321883], "seconds": 0.8207917079998879, "planted_k": 17, "planted_fraction": 0.05798040910400461, "planted_period_z": 8.977914958338454}
control03 0
control03 50
control03 100
control03 150
{"label": "control03", "ks": [2, 3, 4, 5, 6, 7, 8, 9, 10, 11, 12, 13, 14, 15, 16, 17, 18, 19, 20, 21, 22, 23, 24, 25, 26, 27, 28, 29, 30, 31, 32, 33, 34], "panels": 200, "seedbase": 2026103000, "rank": 0.005, "selected_k": 34, "actual_family_maximum": 7.684736524257778, "actual_collision_fractions": [0.03515308221190574, 0.03403741133638817, 0.0346703857939813, 0.033920309696912475, 0.03505143266870743, 0.033834111854563816, 0.033743421988337366, 0.03453869283114417, 0.03368925691871868, 0.03399352504284898, 0.03460743801652893, 0.034926470588235295, 0.03472388238106622, 0.03409090909090909, 0.03607091909517016, 0.03543647363872083, 0.03517320137038447, 0.03346709470304976, 0.03493965735505106, 0.03434844192634561, 0.0339265850945495, 0.03496706702828361, 0.03323903818953324, 0.03314393939393939, 0.03753145858409016, 0.03272727272727273, 0.03665723715228666, 0.03248656570591109, 0.03286147623862487, 0.037486938349007314, 0.0333198435181438, 0.03620161514898357, 0.05566714490674318], "actual_standardized": [0.8666733667811289, -0.8933653783841589, -0.13846894398643883, -0.7854100912249976, 0.2083381062089837, -0.9991976216700241, -1.021692245985139, -0.17973261191912035, -1.024601129531174, -0.8033502097467073, -0.3776321615798008, -0.16680103912928676, -0.2909010925732873, -0.6740773078606657, 0.6092993336178195, 0.25628145317060247, 0.17958073627670765, -1.1590479016844002, -0.14472207461461079, -0.49253444227482607, -0.8575322989779282, -0.12771754388701462, -1.1658396235411739, -1.2331879932180827, 1.0694865077752087, -1.3587345325878868, 0.5812138580632714, -1.3967908864735845, -1.2396304335610935, 1.0945699324092428, -1.0105593507250468, 0.2532023522323999, 7.684736524257778], "seconds": 0.8434603749992675, "planted_k": 34, "planted_fraction": 0.05566714490674318, "planted_period_z": 7.684736524257778}
control04 0
control04 50
control04 100
control04 150
{"label": "control04", "ks": [2, 3, 4, 5, 6, 7, 8, 9, 10, 11, 12, 13, 14, 15, 16, 17, 18, 19, 20, 21, 22, 23, 24, 25, 26, 27, 28, 29, 30, 31, 32, 33, 34], "panels": 200, "seedbase": 2026104000, "rank": 0.005, "selected_k": 3, "actual_family_maximum": 13.246292837403189, "actual_collision_fractions": [0.03449491684785803, 0.06394764923733601, 0.035357900526439855, 0.03623359456142007, 0.03436198670748187, 0.033613180154020955, 0.03509458114066278, 0.03580471593606583, 0.034299411636522115, 0.035612264330603695, 0.03460743801652893, 0.040106951871657755, 0.038668419794405925, 0.03670837589376915, 0.03464438557163236, 0.033707865168539325, 0.037152645603349826, 0.035955056179775284, 0.03485526204743016, 0.035056657223796035, 0.036336670374490176, 0.03806664083688493, 0.0404122044857547, 0.03808922558922559, 0.03939161833898676, 0.036477272727272726, 0.03866100895803866, 0.036394723986321445, 0.03943377148634985, 0.037486938349007314, 0.037501686226898694, 0.03620161514898357, 0.038163558106169296], "actual_standardized": [-0.2650283316005156, 13.246292837403189, 0.4935182338852598, 1.4448949513038036, -0.6656782847092865, -1.297291157750468, -0.18561865196557664, 0.39926338646650344, -0.9924886584018539, 0.22639548742646493, -0.8525996026427215, 3.0178348811532634, 2.070392288175958, 0.649423231952908, -0.9345914316276518, -1.2622777699556817, 0.5544331375132895, -0.2289629107567187, -0.8719282175593723, -0.6658481757714073, 0.061288405027335686, 0.9713374026119603, 1.9917113289766337, 0.8682914456710135, 1.3734586796997221, -0.15090685211489774, 0.8891443656921303, -0.31941378088493033, 1.219244981324793, 0.2495928338770979, 0.15547420287155378, -0.5065236249794521, 0.4195663214694632], "seconds": 0.8381487080041552, "planted_k": 3, "planted_fraction": 0.06394764923733601, "planted_period_z": 13.246292837403189}
control05 0
control05 50
control05 100
control05 150
{"label": "control05", "ks": [2, 3, 4, 5, 6, 7, 8, 9, 10, 11, 12, 13, 14, 15, 16, 17, 18, 19, 20, 21, 22, 23, 24, 25, 26, 27, 28, 29, 30, 31, 32, 33, 34], "panels": 200, "seedbase": 2026105000, "rank": 0.005, "selected_k": 8, "actual_family_maximum": 12.382660592136046, "actual_collision_fractions": [0.03559969442322383, 0.034618040298788524, 0.03588826903433645, 0.03451043338683788, 0.03449987589972698, 0.033739426840045446, 0.06282890058313184, 0.035488210159835415, 0.0339507517977773, 0.03437440487526185, 0.034400826446280994, 0.036207664884135474, 0.034425053789146544, 0.037219101123595506, 0.0385843353033082, 0.037165082108902334, 0.03395508184240579, 0.03330658105939005, 0.03493965735505106, 0.036827195467422094, 0.035038932146829814, 0.0372917473847346, 0.036977167104465546, 0.039036195286195285, 0.03851624904256483, 0.04159090909090909, 0.0342998585572843, 0.036761113825109916, 0.0377906976744186, 0.03644200626959248, 0.036827195467422094, 0.0353661932609301, 0.03170731707317073], "actual_standardized": [1.3154268251427361, -0.38983332045104135, 1.1387894579394975, -0.5820560175145948, -0.5671160256232711, -1.232963248841358, 12.382660592136046, -0.025485414713402106, -1.2971726477398218, -0.8745060687539344, -1.0207100567388945, 0.3479655675348487, -0.8070283492971638, 0.8140289240479274, 1.5666104631281688, 0.6470623993201131, -1.4173337764200158, -1.7923433080815212, -0.9273126476751847, 0.14122534594730782, -0.7236540635790359, 0.2912772124761292, 0.1764338287805419, 1.3091461072845916, 0.9252992887683026, 2.0085132783723685, -1.4183885834700865, -0.21987402096925657, 0.18728149817002926, -0.3574662151376397, -0.2738031862453741, -0.778128323125972, -2.5153919149982116], "seconds": 0.8954565420062863, "planted_k": 8, "planted_fraction": 0.06282890058313184, "planted_period_z": 12.382660592136046}
control06 0
control06 50
control06 100
control06 150
{"label": "control06", "ks": [2, 3, 4, 5, 6, 7, 8, 9, 10, 11, 12, 13, 14, 15, 16, 17, 18, 19, 20, 21, 22, 23, 24, 25, 26, 27, 28, 29, 30, 31, 32, 33, 34], "panels": 200, "seedbase": 2026106000, "rank": 0.005, "selected_k": 17, "actual_family_maximum": 10.69821598606345, "actual_collision_fractions": [0.03602280072868308, 0.03499466449061578, 0.03569183625363401, 0.035855915399867815, 0.034720498607319156, 0.034686276985229136, 0.036339069833594084, 0.033707865168539325, 0.03573763347134452, 0.03613597410017139, 0.03460743801652893, 0.03526069518716578, 0.03448481950753048, 0.03555924412665986, 0.034984036410569935, 0.06302218380870066, 0.03639132089836315, 0.034430176565008026, 0.03485526204743016, 0.03594192634560907, 0.03763440860215054, 0.0372917473847346, 0.03667407557082239, 0.03630050505050505, 0.0395010395010395, 0.03875, 0.03371051390853371, 0.03847093307278945, 0.03538928210313448, 0.03905433646812957, 0.036017806556050184, 0.03898635477582846, 0.03414634146341464], "actual_standardized": [1.6989881928323656, 0.2352157547988587, 0.758045772574654, 0.8379850516853469, -0.4395823645525507, -0.41664545627537436, 0.9637813596757712, -1.561277357034359, 0.1760741125032485, 0.42050777399592276, -0.7604534651150064, -0.46933169892513243, -0.9710388560853938, -0.17352447782204866, -0.5647026634044074, 10.69821598606345, 0.04466630176614088, -1.2175924041163255, -0.7167774264432898, -0.3751604337675653, 0.766613526037323, 0.48290744846389283, -0.12661346751680996, -0.3762278055490706, 1.4911213452754688, 1.0428787871979106, -1.8278881811891068, 0.8586415174687552, -0.8512211860376644, 0.3882079026598083, -0.7397962281396436, 0.5135623521320248, -1.8658131720847504], "seconds": 0.8663163330056705, "planted_k": 17, "planted_fraction": 0.06302218380870066, "planted_period_z": 10.69821598606345}
control07 0
control07 50
control07 100
control07 150
{"label": "control07", "ks": [2, 3, 4, 5, 6, 7, 8, 9, 10, 11, 12, 13, 14, 15, 16, 17, 18, 19, 20, 21, 22, 23, 24, 25, 26, 27, 28, 29, 30, 31, 32, 33, 34], "panels": 200, "seedbase": 2026107000, "rank": 0.005, "selected_k": 34, "actual_family_maximum": 8.581044745559284, "actual_collision_fractions": [0.03502379972968208, 0.03708179022032515, 0.033923941227312016, 0.03663487867056935, 0.03576845646838201, 0.03670622396162101, 0.034134547006115776, 0.03438043994302896, 0.03534539115275659, 0.036707293848790706, 0.033212809917355375, 0.03470365418894831, 0.035381305283289505, 0.0351123595505618, 0.03613884926295768, 0.03882166522615961, 0.03517320137038447, 0.03619582664526485, 0.037555911891298845, 0.03638456090651558, 0.04069336299592139, 0.035935683843471525, 0.035259648413820975, 0.03766835016835017, 0.03490535069482438, 0.032613636363636365, 0.03736445073078736, 0.03431851489985344, 0.03880182002022245, 0.04088296760710554, 0.03952515850532848, 0.03870788081314397, 0.0618364418938307], "actual_standardized": [0.46649963937769323, 3.050994437469965, -1.1845856535265058, 1.5943912787595356, 0.7162298690085446, 1.5536882446688598, -0.8878783501843244, -0.6697653818925341, -0.01085734309845246, 1.0086522155007227, -1.8039869552568466, -0.7512828911660634, -0.26377766323364077, -0.3019950727418361, 0.16005731225185596, 1.581826638800042, -0.4402279539254346, 0.13407369032840993, 0.6317454429632013, -0.06599642758370855, 2.302188091207342, -0.34520165742602, -0.63753595440708, 0.43126491575791936, -1.05887419575881, -2.2219329998934034, -0.01623463678006872, -1.3159716046582801, 0.8383196451867806, 1.4611458590507782, 0.9089454813807012, 0.5449717476275692, 8.581044745559284], "seconds": 0.8807903339984477, "planted_k": 34, "planted_fraction": 0.0618364418938307, "planted_period_z": 8.581044745559284}
