0 2 1 0 2 1
1 3 2 3 36 1
2 5 3 3 1000 5
3 29 1 5 58 1
4 2 2 4 16 1
5 3 3 2 108 1
6 5 1 5 20 1
7 29 2 2 1682 29
8 2 3 2 16 1
9 3 1 5 12 1
10 5 2 5 200 1
11 29 3 4 48778 841
12 2 1 3 8 1
13 3 2 4 72 1
14 5 3 5 500 5
15 29 1 2 58 1
16 2 2 6 128 1
17 3 3 1 27 1
18 5 1 1 5 1
19 29 2 2 1682 29
20 2 3 5 128 1
21 3 1 5 48 1
22 5 2 3 100 1
23 29 3 1 48778 841
24 2 1 1 2 1
25 3 2 3 36 1
26 5 3 2 500 5
27 29 1 2 116 1
28 2 2 2 8 1
29 3 3 6 864 1
30 5 1 1 10 1
31 29 2 6 26912 29
32 2 3 6 256 1
33 3 1 2 6 1
34 5 2 1 25 1
35 29 3 3 97556 841
36 2 1 4 16 1
37 3 2 4 36 1
38 5 3 5 500 5
39 29 1 6 464 1
PASS 40
