10 2 0.13024695799686015 1681 -5.259434702619766 -5.666321679054949
10 3 4.4552950840006815 48749 -5.271986288466539 -5.6144667812760005
11 2 0.13029829199513188 1681 -5.309642868422705 -5.724275005240454
11 3 4.4393912500017905 48749 -5.2359886831989515 -5.58216796236477
12 2 0.13025150000612484 1681 -5.337553187439287 -5.717454429354504
12 3 4.448821333993692 48749 -5.280158748130737 -5.61323852115389
13 2 0.13031454199517611 1681 -5.320377706820401 -5.68207088852381
13 3 4.450139125001442 48749 -5.243088627864912 -5.603846067591093
14 2 0.12958004100073595 1681 -5.317162684360902 -5.737761387367858
14 3 4.442103665998729 48749 -5.278099631494169 -5.596878157545
15 2 0.13013774999853922 1681 -5.321822835077317 -5.7202449958401225
15 3 4.436262875002285 48749 -5.239091544357951 -5.604788209412994
16 2 0.12812600000324892 1681 -5.303860439813531 -5.667471433497098
16 3 4.367588417000661 48749 -5.283980699230532 -5.603405889981238
17 2 0.12761545800458407 1681 -5.3349998370759355 -5.711465295396016
17 3 4.367108874997939 48749 -5.284892067725778 -5.589080136068009
18 2 0.1278352920053294 1681 -5.344702381919718 -5.683239735043423
18 3 4.409713499997451 48749 -5.255585765721409 -5.6390912901611845
19 2 0.1270315000001574 1681 -5.339126889800073 -5.725450216354703
19 3 4.459115334000671 48749 -5.298441215937452 -5.575066234957628
