0 2 1 0 2 2.7750000299420208e-05
1 3 2 5 36 0.00036087500484427437
2 5 3 1 125 6.69169967295602e-05
3 29 1 3 58 0.00018075000116368756
4 2 2 3 16 0.00015858400001889095
5 3 3 6 1728 0.0004153749978286214
6 5 1 4 10 0.00019366700144018978
7 29 2 5 13456 0.0026142919959966093
8 2 3 4 32 0.00022112500300863758
9 3 1 4 48 0.00019233300554333255
10 5 2 4 50 0.00020808399858651683
11 29 3 2 24389 0.00030129199876682833
12 2 1 2 4 0.0001246250030817464
13 3 2 4 36 0.00021600000036414713
14 5 3 5 500 0.00036958300188416615
15 29 1 3 58 0.00017041699902620167
16 2 2 1 4 5.1875002100132406e-05
17 3 3 1 27 5.0791997637134045e-05
18 5 1 6 40 0.00027158299781149253
19 29 2 6 3364 0.0012249580031493679
20 2 3 5 128 0.0002593749959487468
21 3 1 2 6 0.00010012499842559919
22 5 2 6 200 0.0003023749959538691
23 29 3 3 24389 0.003238375000364613
24 2 1 6 128 0.0002810000005410984
25 3 2 4 72 0.00021254199964459985
26 5 3 6 500 0.00040350000199396163
27 29 1 5 116 0.00025183300022035837
28 2 2 2 8 9.79590040515177e-05
29 3 3 1 27 5.1083996368106455e-05
30 5 1 6 10 0.00025104200176429003
31 29 2 6 3364 0.001125125003454741
32 2 3 1 16 6.09580019954592e-05
33 3 1 5 48 0.0002317079997737892
34 5 2 4 400 0.0002476660010870546
35 29 3 3 97556 0.0034851669988711365
36 2 1 1 4 8.866699499776587e-05
37 3 2 2 18 0.00012450000212993473
38 5 3 5 250 0.0003114589999313466
39 29 1 5 116 0.0002511669954401441
40 2 2 6 64 0.00027154100098414347
41 3 3 5 432 0.0002918329992098734
42 5 1 6 320 0.0002762910007731989
43 29 2 6 6728 0.0016174170013982803
44 2 3 6 256 0.0003263749968027696
45 3 1 5 12 0.00022799999715061858
46 5 2 5 800 0.00031224999838741496
47 29 3 1 48778 0.00013529200077755377
48 2 1 3 4 0.00017216699779964983
49 3 2 6 288 0.00031016700086183846
50 5 3 5 4000 0.0005526669992832467
51 29 1 2 58 0.00011658300354611129
52 2 2 3 16 0.00015591700503136963
53 3 3 2 108 0.00012045900075463578
54 5 1 6 10 0.0002572919984231703
55 29 2 3 6728 0.00070616599987261
56 2 3 6 512 0.0003145419977954589
57 3 1 1 3 5.491699994308874e-05
58 5 2 2 50 0.00011133399675600231
59 29 3 3 48778 0.0031509170003118925
PASS 60 289284
