packet-1-main -2.4748159850010847 0.7255429580036434
packet-1-null-00 -6.920229056840997 0.7166712910038768
packet-1-null-01 -6.9781621993384215 0.6966389590015751
packet-1-null-02 -6.941127344639017 0.7104525839968119
packet-1-null-03 -6.701985344232571 0.7085513749989332
packet-1-null-04 -6.887135526001608 0.7111817080003675
packet-1-null-05 -7.014062842567277 0.6985941660022945
packet-1-null-06 -6.922477045490509 0.7185232499978156
packet-1-null-07 -6.938008751556979 0.6984480410028482
packet-1-null-08 -6.839352343459129 0.7284610829956364
packet-1-null-09 -6.946316911878456 0.7064381250020233
packet-1-null-10 -6.918263352161083 0.7476401660023839
packet-1-null-11 -6.926906027705052 0.7041756249964237
packet-1-null-12 -6.7588798737295095 0.7204461250003078
packet-1-null-13 -6.776321852632501 0.7047411669991561
packet-1-null-14 -6.966253876630569 0.7161667909967946
packet-1-null-15 -6.977642219296084 0.7029253329965286
packet-1-null-16 -7.00612519623514 0.7239045000023907
packet-1-null-17 -6.915669520151599 0.7500316250007018
packet-1-null-18 -6.8544527307913325 0.7472124999985681
{"packet": 1, "name": "virgil-book-IV", "n": 339, "boundaries": 60, "nulls": 19, "maximum": -2.4748159850010847, "tail": 0.05, "control": {"truth_id": "clue:005:1:1", "truth_key_rank": 1, "truth_score": -2.4748159850010847, "truth_path_rank_in_correct_cell": 1, "first_truth_pruned": null, "selected_rune_errors": 0, "correct_cell_errors": 0, "selected_id": "clue:005:1:1", "truth": [24, 16, 4, 18, 6, 10, 9, 24, 6, 4, 24, 1, 10, 27, 19, 23, 1, 23, 1, 19, 15, 24, 1, 5, 27, 5, 1, 4, 24, 1, 3, 20, 9, 1, 15, 24, 20, 10, 16, 1, 18, 9, 10, 15, 18, 16, 5, 25, 5, 3, 5, 24, 4, 13, 10, 16, 1, 4, 10, 6, 9, 10, 19, 1, 20, 16, 24, 1, 10, 4, 10, 1, 10, 4, 16, 1, 15, 24, 9, 10, 19, 3, 19, 1, 20, 16, 1, 15, 5, 1, 18, 4, 18, 5, 1, 4, 15, 24, 16, 6, 18, 9, 16, 10, 15, 8, 3, 9, 3, 15, 8, 25, 4, 18, 9, 16, 10, 9, 0, 10, 14, 10, 13, 18, 5, 16, 3, 4, 18, 1, 3, 20, 16, 1, 15, 1, 18, 4, 17, 24, 5, 1, 18, 9, 18, 5, 13, 20, 24, 5, 10, 23, 24, 19, 19, 18, 19, 17, 4, 10, 15, 23, 24, 16, 5, 1, 4, 24, 5, 1, 10, 18, 16, 18, 19, 13, 3, 15, 16, 18, 4, 24, 13, 8, 22, 17, 28, 20, 1, 15, 16, 4, 24, 17, 24, 16, 20, 24, 19, 13, 24, 23, 18, 16, 18, 4, 4, 24, 15, 1, 19, 18, 9, 16, 18, 19, 5, 1, 18, 24, 1, 4, 3, 4, 24, 13, 3, 20, 3, 23, 10, 19, 3, 1, 18, 4, 24, 16, 1, 19, 17, 4, 24, 19, 5, 1, 19, 15, 10, 5, 1, 9, 24, 9, 10, 19, 24, 19, 24, 23, 20, 3, 5, 1, 10, 16, 1, 4, 19, 24, 20, 18, 15, 24, 9, 24, 15, 3, 4, 3, 4, 18, 19, 24, 9, 9, 24, 15, 3, 4, 3, 4, 5, 1, 25, 19, 18, 15, 1, 15, 13, 18, 9, 15, 24, 19, 10, 9, 15, 3, 19, 9, 27, 16, 18, 4, 4, 18, 9, 16, 5, 1, 10, 15, 9, 3, 1, 1, 15, 8, 10, 5, 9, 3, 15, 16, 4, 10, 15], "truth_literal": []}, "seconds": 14.336747371999081}
